DATE (MM/DD/YYYY),HOUR-CST,Avg Global Horizontal [W/m^2],Avg Direct Normal [W/m^2],Avg Diffuse Horizontal [W/m^2],Avg Air Temperature [deg C],Avg Relative Humidity [%],Avg Avg Wind Speed @ 10m [m/s]
2/2/2021,17,-99999,-99999,-99999,-99999,-99999,-99999
2/3/2021,16,368.7782,415.3768,136.7335,-99999,-99999,-99999
2/3/2021,17,249.3693,352.6683,106.9191,-99999,-99999,-99999
2/3/2021,18,113.0755,262.0966,56.3596,-99999,-99999,-99999
2/3/2021,19,2.9099,6.5500,2.2853,-99999,-99999,-99999
2/3/2021,20,-1.6892,-0.3820,-2.4807,-99999,-99999,-99999
2/3/2021,21,-1.6895,-0.3821,-2.4812,-99999,-99999,-99999
2/3/2021,22,-1.6898,-0.3822,-2.4816,-99999,-99999,-99999
2/3/2021,23,-1.6899,-0.3822,-2.4818,-99999,-99999,-99999
2/4/2021,0,-1.6901,-0.3823,-2.4819,-99999,-99999,-99999
2/4/2021,1,-1.6902,-0.3823,-2.4822,-99999,-99999,-99999
2/4/2021,2,-1.6902,-0.3823,-2.4821,-99999,-99999,-99999
2/4/2021,3,-1.6902,-0.3823,-2.4822,-99999,-99999,-99999
2/4/2021,4,-1.6902,-0.3823,-2.4822,-99999,-99999,-99999
2/4/2021,5,-1.6902,-0.3823,-2.4822,-99999,-99999,-99999
2/4/2021,6,-1.6903,-0.3823,-2.4744,-99999,-99999,-99999
2/4/2021,7,-1.6769,-0.3823,-2.4281,-99999,-99999,-99999
2/4/2021,8,32.6326,108.5094,21.6832,-99999,-99999,-99999
2/4/2021,9,212.0657,421.5484,85.6807,-99999,-99999,-99999
2/4/2021,10,414.5070,583.0176,103.2922,-99999,-99999,-99999
2/4/2021,11,571.6872,705.3057,108.8213,-99999,-99999,-99999
2/4/2021,12,687.1796,785.2887,115.7742,-99999,-99999,-99999
2/4/2021,13,742.0760,832.4532,112.2092,-99999,-99999,-99999
2/4/2021,14,727.4894,834.5710,104.5963,-99999,-99999,-99999
2/4/2021,15,641.9751,780.3387,99.0259,-99999,-99999,-99999
2/4/2021,16,507.4455,688.3579,86.7000,-99999,-99999,-99999
2/4/2021,17,324.1189,543.4671,71.5336,-99999,-99999,-99999
2/4/2021,18,110.3815,258.8580,47.2626,-99999,-99999,-99999
2/4/2021,19,2.4492,5.6422,2.0191,-99999,-99999,-99999
2/4/2021,20,-1.9143,-0.3818,-2.4823,-99999,-99999,-99999
2/4/2021,21,-1.6888,-0.3820,-2.4802,-99999,-99999,-99999
2/4/2021,22,-1.6892,-0.3821,-2.4808,-99999,-99999,-99999
2/4/2021,23,-1.6895,-0.3821,-2.4812,-99999,-99999,-99999
2/5/2021,0,-1.6896,-0.3822,-2.4814,-99999,-99999,-99999
2/5/2021,1,-1.6898,-0.3822,-2.4817,-99999,-99999,-99999
2/5/2021,2,-1.6899,-0.3822,-2.4758,-99999,-99999,-99999
2/5/2021,3,-1.6805,-0.3822,-2.4447,-99999,-99999,-99999
2/5/2021,4,-1.2962,-0.3813,-1.9790,-99999,-99999,-99999
2/5/2021,5,-0.8867,-0.1755,-1.3422,-99999,-99999,-99999
2/5/2021,6,-0.5332,-0.0193,-1.0678,-99999,-99999,-99999
2/5/2021,7,-0.7471,-0.1235,-1.0678,-99999,-99999,-99999
2/5/2021,8,13.2485,-0.2496,14.0694,-99999,-99999,-99999
2/5/2021,9,67.7035,0.3822,73.9057,-99999,-99999,-99999
2/5/2021,10,62.4555,0.1951,68.1930,-99999,-99999,-99999
2/5/2021,11,171.2612,0.4932,187.6139,-99999,-99999,-99999
2/5/2021,12,442.2460,18.1934,466.9870,-99999,-99999,-99999
2/5/2021,13,371.0615,3.8584,401.8558,-99999,-99999,-99999
2/5/2021,14,544.0906,117.7609,496.3852,-99999,-99999,-99999
2/5/2021,15,458.0591,163.6806,378.4037,-99999,-99999,-99999
2/5/2021,16,478.4914,512.8412,191.5016,-99999,-99999,-99999
2/5/2021,17,257.6702,304.4949,139.0109,-99999,-99999,-99999
2/5/2021,18,94.4447,134.5267,66.1904,-99999,-99999,-99999
2/5/2021,19,2.6376,0.7508,2.4336,-99999,-99999,-99999
2/5/2021,20,-0.9974,-0.0320,-1.2259,-99999,-99999,-99999
2/5/2021,21,-0.8440,-0.0541,-1.1067,-99999,-99999,-99999
2/5/2021,22,-0.8190,-0.0327,-1.1272,-99999,-99999,-99999
2/5/2021,23,-0.7480,-0.0171,-1.1046,-99999,-99999,-99999
2/6/2021,0,-0.7986,-0.0174,-1.1427,-99999,-99999,-99999
2/6/2021,1,-0.6965,-0.0105,-1.2424,-99999,-99999,-99999
2/6/2021,2,-0.9395,-0.1478,-1.4817,-99999,-99999,-99999
2/6/2021,3,-0.8405,-0.1217,-1.2785,-99999,-99999,-99999
2/6/2021,4,-0.8308,-0.0180,-1.3197,-99999,-99999,-99999
2/6/2021,5,-0.7168,-0.0212,-1.3339,-99999,-99999,-99999
2/6/2021,6,-0.8137,0.0037,-1.3200,-99999,-99999,-99999
2/6/2021,7,-0.6200,0.0219,-1.1214,-99999,-99999,-99999
2/6/2021,8,5.3040,0.1448,5.2624,-99999,-99999,-99999
2/6/2021,9,42.6650,0.3739,46.3714,-99999,-99999,-99999
2/6/2021,10,63.2120,0.3774,69.0174,-99999,-99999,-99999
2/6/2021,11,106.7748,0.3821,116.9428,-99999,-99999,-99999
2/6/2021,12,133.1183,0.3821,145.6751,-99999,-99999,-99999
2/6/2021,13,160.9355,0.3641,176.1663,-99999,-99999,-99999
2/6/2021,14,227.2412,0.4157,248.2103,-99999,-99999,-99999
2/6/2021,15,414.7897,202.8074,302.0013,-99999,-99999,-99999
2/6/2021,16,519.8397,608.7803,173.0508,-99999,-99999,-99999
2/6/2021,17,341.7244,616.4065,68.3767,-99999,-99999,-99999
2/6/2021,18,128.0281,378.9061,40.4414,-99999,-99999,-99999
2/6/2021,19,3.5833,24.7962,1.8845,-99999,-99999,-99999
2/6/2021,20,-2.3394,-0.3821,-2.7967,-99999,-99999,-99999
2/6/2021,21,-2.1449,-0.3822,-2.6249,-99999,-99999,-99999
2/6/2021,22,-2.2168,-0.4097,-2.6127,-99999,-99999,-99999
2/6/2021,23,-1.7539,-0.4740,-2.5087,-99999,-99999,-99999
2/7/2021,0,-1.7723,-0.4970,-2.4833,-99999,-99999,-99999
2/7/2021,1,-1.8474,-0.3825,-2.4618,-99999,-99999,-99999
2/7/2021,2,-1.6623,-0.3825,-2.3538,-99999,-99999,-99999
2/7/2021,3,-1.5403,-0.3826,-2.1647,-99999,-99999,-99999
2/7/2021,4,-1.6345,-0.3826,-2.1960,-99999,-99999,-99999
2/7/2021,5,-1.6546,-0.3826,-2.2224,-99999,-99999,-99999
2/7/2021,6,-1.6906,-0.3826,-2.2587,-99999,-99999,-99999
2/7/2021,7,-1.6426,-0.3826,-2.1783,-99999,-99999,-99999
2/7/2021,8,36.4664,121.5982,20.4568,-99999,-99999,-99999
2/7/2021,9,225.8561,450.0403,65.9125,-99999,-99999,-99999
2/7/2021,10,427.6246,630.4772,88.7093,-99999,-99999,-99999
2/7/2021,11,578.0673,748.1106,101.9939,-99999,-99999,-99999
2/7/2021,12,689.8151,828.8808,106.5502,-99999,-99999,-99999
2/7/2021,13,745.7245,868.1126,107.4047,-99999,-99999,-99999
2/7/2021,14,673.1442,705.7431,166.4571,-99999,-99999,-99999
2/7/2021,15,674.1006,775.0194,162.4869,-99999,-99999,-99999
2/7/2021,16,434.6487,423.2560,194.0705,-99999,-99999,-99999
2/7/2021,17,295.9336,331.7317,164.9701,-99999,-99999,-99999
2/7/2021,18,106.2172,201.5387,51.6737,-99999,-99999,-99999
2/7/2021,19,2.6639,0.4971,2.5443,-99999,-99999,-99999
2/7/2021,20,-1.7060,-0.3821,-2.4808,-99999,-99999,-99999
2/7/2021,21,-1.6897,-0.3822,-2.4785,-99999,-99999,-99999
2/7/2021,22,-1.6900,-0.3822,-2.4818,-99999,-99999,-99999
2/7/2021,23,-1.6902,-0.3823,-2.4782,-99999,-99999,-99999
2/8/2021,0,-1.6364,-0.3823,-2.3447,-99999,-99999,-99999
2/8/2021,1,-1.6893,-0.3823,-2.4700,-99999,-99999,-99999
2/8/2021,2,-1.5685,-0.3823,-2.1782,-99999,-99999,-99999
2/8/2021,3,-1.4765,-0.3818,-2.0531,-99999,-99999,-99999
2/8/2021,4,-1.2305,-0.3784,-1.8557,-99999,-99999,-99999
2/8/2021,5,-1.2187,-0.3750,-1.9006,-99999,-99999,-99999
2/8/2021,6,-1.2607,-0.3753,-1.7797,-99999,-99999,-99999
2/8/2021,7,-1.0801,-0.3011,-1.5762,-99999,-99999,-99999
2/8/2021,8,13.4821,0.0049,14.3760,-99999,-99999,-99999
2/8/2021,9,69.5924,1.6229,75.4330,-99999,-99999,-99999
2/8/2021,10,148.1343,1.3830,161.4380,-99999,-99999,-99999
2/8/2021,11,194.6477,12.7233,202.9790,-99999,-99999,-99999
2/8/2021,12,529.5301,166.7628,441.2370,-99999,-99999,-99999
2/8/2021,13,423.6498,74.7835,398.1465,-99999,-99999,-99999
2/8/2021,14,455.5032,93.2156,418.9700,-99999,-99999,-99999
2/8/2021,15,418.5459,147.7093,345.8215,-99999,-99999,-99999
2/8/2021,16,347.1008,150.9777,280.4509,-99999,-99999,-99999
2/8/2021,17,197.9478,98.9883,160.7504,26.6153,62.6200,3.8958
2/8/2021,18,58.8003,34.8034,54.5331,26.2997,63.1624,3.8165
2/8/2021,19,3.9165,1.0629,3.7269,25.4203,67.1938,3.4527
2/8/2021,20,-1.6885,-0.3819,-2.4797,23.6561,75.7694,3.9869
2/8/2021,21,-1.6887,-0.3820,-2.4799,23.1087,78.0013,3.8288
2/8/2021,22,-1.6827,-0.3820,-2.3235,21.7980,84.5800,1.9348
2/8/2021,23,-1.6844,-0.3821,-2.3465,21.2037,89.9921,2.1487
2/9/2021,0,-1.5598,-0.3821,-2.2290,20.7050,94.4800,2.3265
2/9/2021,1,-1.0597,-0.3052,-1.7192,20.4385,96.8926,2.5131
2/9/2021,2,-0.6409,-0.0392,-1.3231,20.2480,99.1600,2.5906
2/9/2021,3,-0.5175,0.0334,-1.1973,20.3117,99.6167,2.8887
2/9/2021,11,379.4605,88.6441,349.3609,22.2340,90.8271,1.6141
2/9/2021,12,346.3273,57.0650,332.5215,23.5887,81.3850,2.1464
2/9/2021,13,484.7718,129.7048,418.0164,24.6220,76.8250,2.1532
2/9/2021,14,550.0216,245.7488,397.7229,25.7127,71.7930,2.3172
2/9/2021,15,406.3205,206.3827,292.4934,26.9870,64.5437,2.4624
2/9/2021,16,496.1407,396.6457,280.6698,28.0913,58.3773,3.5060
2/9/2021,17,291.3723,272.8090,173.7843,27.2500,65.5493,4.4915
2/9/2021,18,86.4408,70.6018,71.3496,25.7290,73.9705,4.9197
2/9/2021,19,3.5867,0.8922,3.4120,24.0180,82.2428,4.5370
2/9/2021,20,-1.6840,-0.3819,-2.3879,22.6787,89.4867,4.2439
2/9/2021,21,-1.3551,-0.3604,-2.0851,22.0597,93.0833,3.4731
2/9/2021,22,-1.2098,-0.3039,-1.8507,21.5263,95.8917,2.7573
2/9/2021,23,-0.9949,-0.2237,-1.6019,21.6837,95.6400,2.6427
2/10/2021,0,-1.0071,-0.2647,-1.7001,21.6520,96.8067,2.2256
2/10/2021,1,-1.1813,-0.3006,-1.8243,21.7260,97.4883,2.3125
2/10/2021,2,-0.9830,-0.2027,-1.5748,21.8027,98.0483,2.4593
2/10/2021,3,-1.0529,-0.3479,-1.7263,22.0037,97.2183,2.6262
2/10/2021,4,-1.3752,-0.3498,-2.0096,21.8920,97.5467,3.3586
2/10/2021,5,-0.9536,-0.2726,-1.5707,21.7010,98.1733,3.0248
2/10/2021,6,-0.8920,-0.1055,-1.1798,21.9000,97.0683,2.6304
2/10/2021,7,-0.9584,-0.2171,-1.2290,21.9120,97.2533,2.5843
2/10/2021,8,9.5892,-0.0932,10.0798,22.0553,96.6950,1.8927
2/10/2021,9,53.8597,0.8076,58.4698,22.3227,95.7833,2.8651
2/10/2021,10,130.4642,0.6119,142.2623,22.9993,93.6683,4.0095
2/10/2021,11,253.7610,20.0266,261.7999,23.9868,86.3025,5.3696
2/10/2021,12,332.2864,39.1724,330.2090,25.3418,76.6843,6.2396
2/10/2021,13,488.8198,146.7102,408.2226,26.4773,70.1962,6.4729
2/10/2021,14,468.7776,129.1993,402.3836,27.4560,64.1275,5.7365
2/10/2021,15,310.5661,54.5791,296.9528,27.6048,62.5433,6.1865
2/10/2021,16,243.5098,32.7949,244.4859,27.6110,61.7697,6.3799
2/10/2021,17,193.0009,42.0748,189.0666,27.3273,62.5937,5.8872
2/10/2021,18,74.5581,19.5739,77.1480,26.8782,62.9117,5.7648
2/10/2021,19,3.6696,0.6642,3.4659,25.7418,67.0188,5.2253
2/10/2021,20,-1.6900,-0.3819,-2.4796,24.3192,73.9662,6.2588
2/10/2021,21,-1.6888,-0.3820,-2.4775,22.9645,83.2868,5.2938
2/10/2021,22,-1.6001,-0.3820,-2.3167,22.2058,87.1800,4.4040
2/10/2021,23,-0.9985,-0.3337,-1.6613,22.0098,89.7483,3.9431
2/11/2021,0,-0.9880,-0.3069,-1.6382,22.4162,89.9600,5.0458
2/11/2021,1,-1.0188,-0.3281,-1.6999,22.0173,92.2867,4.0258
2/11/2021,2,-1.0996,-0.2630,-1.6890,21.8863,93.3417,3.4337
2/11/2021,3,-0.9995,-0.1634,-1.5664,21.5700,95.8533,2.2513
2/11/2021,4,-1.0673,-0.2785,-1.7070,21.3997,97.2150,2.5408
2/11/2021,5,-0.9279,-0.2870,-1.6263,21.3395,97.9883,3.2538
2/11/2021,6,-1.3774,0.1038,-1.4439,16.3903,96.2667,2.4147
2/11/2021,7,-1.0300,0.0172,-1.2100,13.4483,99.3800,3.7917
2/11/2021,8,2.0572,0.0187,1.9193,11.1402,99.9467,3.0453
2/11/2021,9,19.0628,0.0559,20.4776,9.6755,100.0000,3.1083
2/11/2021,10,54.2928,0.2001,59.0089,9.5105,100.0000,3.4412
2/11/2021,11,64.1110,0.3647,69.7306,9.8992,99.7117,3.8858
2/11/2021,12,35.2396,0.2020,38.1643,9.3263,99.4067,3.5948
2/11/2021,13,60.1390,0.2850,65.4712,8.3965,99.7350,2.9478
2/11/2021,14,52.9208,0.0564,57.6776,7.5738,99.1683,3.1057
2/11/2021,15,64.2878,0.0570,69.9821,7.1535,99.3017,3.0421
2/11/2021,16,51.6208,-0.0000,56.1192,6.8256,99.2567,3.5945
2/11/2021,17,45.5970,0.0000,49.4780,6.6028,97.6017,3.5219
2/11/2021,18,13.1568,-0.1026,13.9523,5.9489,97.3917,3.8827
2/11/2021,19,0.0835,-0.0672,-0.3849,5.2250,96.2483,4.3054
2/11/2021,20,-1.1595,-0.0247,-1.6817,4.8172,96.0767,3.3314
2/11/2021,21,-1.2214,0.0000,-1.7990,4.6094,98.2367,3.0929
2/11/2021,22,-1.0161,0.0000,-1.7126,4.6755,98.0650,2.8765
2/11/2021,23,-0.9074,-0.0055,-1.5606,4.9220,97.8966,3.6433
2/12/2021,0,-0.8686,-0.0002,-1.5495,5.0555,97.7817,3.0636
2/12/2021,1,-1.0588,0.0000,-1.7808,5.1972,99.0700,3.4772
2/12/2021,2,-0.9367,0.0000,-1.5423,5.0822,98.7350,3.7704
2/12/2021,3,-0.7275,0.0000,-1.2925,4.9850,98.9117,3.0489
2/12/2021,4,-0.9199,0.0000,-1.4997,4.8261,99.3200,2.9870
2/12/2021,5,-1.0157,0.0000,-1.6484,4.6100,99.9583,2.1784
2/12/2021,6,-0.8940,0.0000,-1.4293,4.4909,99.9800,2.6884
2/12/2021,7,-0.6472,0.0000,-1.0297,4.0482,99.4883,2.6294
2/12/2021,8,3.7528,0.0000,3.7000,3.9417,96.5915,2.4646
2/12/2021,9,16.6868,0.0040,17.9174,3.9140,95.6050,2.6753
2/12/2021,10,27.1325,0.0309,29.3327,3.8615,96.9183,2.3331
2/12/2021,11,37.0123,0.0815,40.2413,3.3346,96.1933,2.6356
2/12/2021,12,71.2822,0.1349,77.7361,3.3306,94.8217,2.4230
2/12/2021,13,88.5011,0.1990,96.5313,3.3569,97.0583,2.3589
2/12/2021,14,84.3754,0.3601,91.6067,3.6752,97.9967,2.3878
2/12/2021,15,75.4049,0.2935,82.2389,4.0455,95.2356,3.4218
2/12/2021,16,54.1641,0.1537,59.0628,4.2583,94.8633,2.9573
2/12/2021,17,28.0771,0.0128,30.3767,4.4193,94.5133,2.5755
2/12/2021,18,10.0041,-0.0004,10.5481,4.2257,95.6883,1.9274
2/12/2021,19,0.2324,-0.0028,-0.2242,4.4156,97.0000,1.7319
2/12/2021,20,-0.6838,0.0000,-1.2281,4.5020,96.2800,1.7427
2/12/2021,21,-0.6896,0.0000,-1.2575,4.3030,96.2367,1.8008
2/12/2021,22,-0.6774,0.0000,-1.2218,4.1957,94.4767,1.6911
2/12/2021,23,-0.6804,0.0000,-1.2311,4.4120,92.6317,1.8098
2/13/2021,0,-0.8232,0.0000,-1.3961,4.2857,93.9650,1.8006
2/13/2021,1,-0.9834,-0.0002,-1.6690,4.0263,97.5550,1.7602
2/13/2021,2,-0.6617,-0.0043,-1.0889,3.7027,96.5933,1.9153
2/13/2021,3,-0.6719,0.0000,-1.1182,3.6137,94.3367,1.8794
2/13/2021,4,-0.6779,0.0000,-1.1843,3.4447,94.9367,1.8314
2/13/2021,5,-0.6753,0.0000,-1.1378,3.0943,95.7200,2.1805
2/13/2021,6,-0.6708,0.0000,-1.0660,2.9030,95.1367,2.0761
2/13/2021,7,-0.6407,0.0000,-1.0307,2.7709,92.8950,2.1970
2/13/2021,8,4.7061,0.0000,4.7504,2.6045,93.5567,2.0520
2/13/2021,9,30.6356,0.0051,33.2609,2.1214,94.8600,2.2779
2/13/2021,10,46.3124,0.1001,50.4013,1.9753,95.7932,2.0640
2/13/2021,11,63.9824,0.2948,69.7773,1.9833,96.4000,2.1419
2/13/2021,12,99.5236,0.3430,109.0805,1.8655,97.0033,2.8932
2/13/2021,13,136.4142,0.4707,148.8315,2.1348,95.5183,2.7026
2/13/2021,14,110.7513,0.1999,120.7135,2.1236,96.0517,2.9567
2/13/2021,15,117.4144,0.1348,128.0434,2.3612,96.8417,2.5632
2/13/2021,16,102.7108,0.2546,112.0233,2.4267,94.8250,2.6651
2/13/2021,17,48.7094,0.1230,52.9748,2.5540,91.8933,3.2956
2/13/2021,18,21.9772,0.0017,23.6701,2.6307,91.8200,2.2822
2/13/2021,19,0.7812,0.0019,0.3949,2.5603,90.9500,2.3092
2/13/2021,20,-0.6784,0.0000,-1.2213,2.4559,90.0883,2.3553
2/13/2021,21,-0.6786,0.0002,-1.2742,2.4217,90.0783,2.1061
2/13/2021,22,-0.6796,0.0000,-1.2490,2.2934,90.8167,2.0753
2/13/2021,23,-0.6833,0.0000,-1.2430,2.1709,91.3600,1.9307
2/14/2021,0,-0.6820,0.0000,-1.2766,2.0909,91.2467,1.7935
2/14/2021,1,-0.6765,0.0000,-1.2847,1.9626,91.4750,1.8977
2/14/2021,2,-0.6796,0.0000,-1.2123,1.8559,92.2867,1.8375
2/14/2021,3,-0.6773,0.0000,-1.1131,1.6526,91.9650,2.2362
2/14/2021,4,-0.6775,0.0000,-1.1936,1.5518,92.8317,1.9705
2/14/2021,5,-0.6839,0.0000,-1.2398,1.3925,93.9067,2.3204
2/14/2021,6,-0.9062,0.0000,-1.3521,1.2984,95.1467,2.6847
2/14/2021,7,-1.0154,0.0000,-1.4480,1.0501,97.5583,2.0298
2/14/2021,8,3.0836,0.0000,2.9471,1.0733,97.5767,2.0896
2/14/2021,9,12.4512,0.0085,13.1852,1.2400,98.5300,1.7823
2/14/2021,10,52.6691,0.2214,57.5017,1.3175,98.9250,2.4105
2/14/2021,11,108.9347,0.3803,119.3160,1.8000,98.1667,2.6114
2/14/2021,12,140.9096,0.3849,154.5726,2.2383,98.0467,2.7728
2/14/2021,13,111.1657,0.3866,121.4667,2.7117,97.6050,2.0028
2/14/2021,14,111.8340,0.3653,122.4302,2.7033,98.4567,3.1545
2/14/2021,15,79.8584,0.1347,87.3909,2.8992,98.0667,2.3764
2/14/2021,16,58.3400,0.0626,63.6026,2.9119,98.2068,2.8701
2/14/2021,17,41.9935,0.0777,45.6360,2.8025,97.5833,2.8281
2/14/2021,18,14.4851,0.0232,15.4072,2.4125,97.4650,3.2583
2/14/2021,19,0.6068,0.0000,0.1940,1.6450,97.4017,3.4702
2/14/2021,20,-1.1885,0.0000,-1.8274,0.8492,96.4150,3.0099
2/14/2021,21,-1.1181,0.0417,-1.7525,0.0773,97.2533,3.4498
2/14/2021,22,-0.9402,0.3282,-1.5194,-0.5669,96.3917,4.1185
2/14/2021,23,-1.2586,0.1148,-1.7051,-0.7785,96.0367,4.3529
2/15/2021,0,-1.0064,0.1506,-1.5222,-1.1142,95.8267,5.4806
2/15/2021,1,-1.1960,0.1382,-1.6862,-1.0584,95.4883,4.1512
2/15/2021,2,-1.3454,0.0087,-1.7988,-1.3194,94.2763,4.5534
2/15/2021,3,-1.3957,0.0000,-2.0983,-1.2000,92.1000,4.8200
2/15/2021,4,-0.7904,-0.0157,-1.1178,-2.2964,88.3800,5.0230
2/15/2021,5,-1.3341,-0.0006,-2.0470,-2.5425,89.4900,4.2443
2/15/2021,6,-1.6862,-0.0666,-2.1747,-3.4165,86.5000,6.2160
2/15/2021,7,-1.5361,-0.0007,-2.0076,-4.8134,84.2481,6.3060
2/15/2021,10,272.9692,0.3167,300.2135,-5.7073,80.0118,4.9859
2/15/2021,14,362.6506,0.4559,396.7786,-1.6214,73.6120,3.5420
2/17/2021,23,-0.9784,0.0000,-1.4451,5.2734,97.6610,2.4578
2/18/2021,0,-0.7558,0.0000,-1.3133,5.2493,99.1750,1.4931
2/18/2021,1,-1.0063,0.0000,-1.4686,5.3517,99.6517,2.2671
2/18/2021,2,-1.0389,0.0000,-1.6051,5.0134,99.8667,2.4127
2/18/2021,3,-0.9378,0.0000,-1.4710,4.4179,99.5683,3.1476
2/18/2021,4,-0.9281,0.0000,-1.5304,4.1231,98.9917,3.0482
2/18/2021,5,-1.0764,0.0000,-1.7467,3.9630,99.4200,2.8649
2/18/2021,6,-1.1027,0.0000,-1.5049,3.6083,98.7467,3.1505
2/18/2021,7,-0.8265,0.0000,-1.1973,3.1100,98.4917,2.6743
2/18/2021,8,10.2796,0.0000,10.9522,2.5167,97.4217,3.0289
2/18/2021,9,41.6394,0.1434,45.4130,2.2373,98.0783,2.7153
2/18/2021,10,124.0174,0.3495,135.8560,2.4977,97.2950,2.9644
2/18/2021,11,207.5131,0.6145,227.3779,3.0903,95.7667,3.1996
2/18/2021,12,245.6365,0.7560,268.9213,4.1107,92.4717,3.1715
2/18/2021,13,231.1259,0.7534,252.3867,4.8077,87.8383,3.4050
2/18/2021,14,382.1134,1.6049,416.5698,5.7207,81.0963,3.3435
2/18/2021,15,270.8566,1.0056,297.2837,6.3287,77.2683,2.8574
2/18/2021,16,205.7740,0.7696,225.5730,7.4947,72.6480,2.5744
2/18/2021,17,115.8744,0.3987,126.9602,8.9987,65.9063,2.5819
2/18/2021,18,57.0203,0.1094,62.3084,8.9090,62.8552,2.9137
2/18/2021,19,4.4754,-0.0560,4.5377,8.3753,61.9718,3.8234
2/18/2021,20,-1.0379,-0.0066,-1.4907,7.2451,63.5760,5.4472
2/18/2021,21,-0.9924,0.0000,-1.4060,5.6074,67.1338,4.0769
2/18/2021,22,-1.2315,-0.1135,-1.6698,4.5130,70.4008,3.5816
2/18/2021,23,-1.0965,-0.1555,-1.6298,3.6285,74.5958,3.9129
2/19/2021,0,-1.1014,-0.2244,-1.6680,3.0898,75.9407,2.5831
2/19/2021,1,-0.6871,0.0000,-1.3159,3.2686,76.4873,2.6159
2/19/2021,2,-0.7678,0.0000,-1.3325,3.2425,73.7485,3.8929
2/19/2021,3,-0.7684,0.0000,-1.3490,2.8719,72.5760,3.3566
2/19/2021,4,-0.7808,0.0000,-1.3299,2.4770,76.1247,4.0462
2/19/2021,5,-0.7176,0.0000,-1.2528,2.0362,78.1175,4.3626
2/19/2021,6,-0.7415,-0.0026,-1.1621,1.9029,76.9446,3.5904
2/19/2021,7,-0.8673,-0.1447,-1.1954,1.5107,76.6807,2.9448
2/19/2021,8,69.0696,1.2317,36.5660,1.0022,79.0475,2.7220
2/19/2021,9,276.7278,2.7639,94.0325,1.1612,74.9003,3.5180
2/19/2021,10,492.0139,2.6810,285.8222,2.3733,67.1458,3.2108
2/19/2021,11,667.6231,2.5015,406.3772,3.8028,58.2748,2.8994
2/19/2021,12,787.3894,2.0434,235.8582,5.4022,52.3047,3.0818
2/19/2021,13,841.3039,1.7564,177.8123,6.9027,48.1380,3.0154
2/19/2021,14,824.8864,1.7194,152.8947,8.9817,43.4693,2.8205
2/19/2021,15,742.1523,1.8129,207.3356,10.7628,39.8917,2.6165
2/19/2021,16,595.9811,2.5447,303.3024,11.7998,37.9368,1.9474
2/19/2021,17,392.5375,2.7493,143.0912,12.3575,37.1058,1.8393
2/19/2021,18,153.0250,2.1725,65.8386,12.1300,38.1765,1.9850
2/19/2021,19,11.7395,-0.0226,7.0743,11.3990,42.1840,1.8160
2/19/2021,20,-2.1924,-0.3822,-2.5943,8.9773,56.6072,2.6913
2/19/2021,21,-1.9450,-0.3832,-2.4862,7.0187,65.4822,3.1735
2/19/2021,22,-1.7832,-0.3833,-2.4302,5.7900,70.9758,3.2857
2/19/2021,23,-1.7135,-0.3834,-2.3154,5.0463,74.8682,2.6109
2/20/2021,0,-1.7233,-0.3834,-2.2842,4.4085,78.4660,2.1562
2/20/2021,1,-1.6575,-0.3835,-2.1612,3.8487,81.8800,1.9312
2/20/2021,2,-1.5929,-0.3835,-2.1377,3.6038,83.1517,1.3612
2/20/2021,3,-1.5628,-0.3836,-2.1345,3.3047,84.1717,1.3378
2/20/2021,4,-1.3718,-0.3836,-2.0833,3.2157,84.8750,0.9981
2/20/2021,5,-1.4421,-0.3836,-2.1117,2.8423,86.3817,0.6344
2/20/2021,6,-1.4161,-0.3836,-1.9227,1.9802,90.4283,0.5459
2/20/2021,7,-1.0447,-0.3836,-1.4314,1.8622,91.2183,0.7698
2/20/2021,8,65.9304,1.6750,28.9308,2.2860,89.5583,1.0124
2/20/2021,9,277.6903,3.0678,79.6330,4.9751,81.6758,0.7913
2/20/2021,10,486.3493,2.7472,257.3343,8.7063,69.5993,1.3675
2/20/2021,11,653.4534,2.3687,345.2970,11.9257,64.6990,2.3725
2/20/2021,12,751.6790,2.4784,205.6914,14.6163,61.0967,4.1623
2/20/2021,13,829.7129,2.3443,176.3685,16.7448,55.0073,5.7850
2/20/2021,14,794.7691,2.2533,144.5377,18.0803,50.0523,6.0116
2/20/2021,15,723.8251,2.0908,121.0737,19.4852,45.9130,6.4187
2/20/2021,16,582.1105,2.2152,104.2365,20.0930,44.2328,6.8105
2/20/2021,17,387.3510,2.5811,94.7014,19.9938,45.5880,6.1390
2/20/2021,18,165.7143,2.7992,53.3913,18.9605,51.4772,6.9080
2/20/2021,19,12.4370,0.1783,7.2297,17.3058,58.3498,5.4737
2/20/2021,20,-1.9442,-0.3827,-2.4849,15.9710,64.5548,4.4189
2/20/2021,21,-1.7345,-0.3828,-2.4856,14.9267,71.2645,3.5221
2/20/2021,22,-1.6956,-0.3829,-2.4799,13.9245,75.6422,3.3189
2/20/2021,23,-1.6930,-0.3829,-2.3521,13.5035,78.6567,4.1845
2/21/2021,0,-1.6931,-0.3829,-2.3152,13.2733,82.2817,4.4780
2/21/2021,1,-1.6929,-0.3830,-2.2308,12.7862,85.9917,3.7854
2/21/2021,2,-1.6453,-0.3830,-2.1710,12.6077,88.6800,3.8409
2/21/2021,3,-1.6829,-0.3830,-2.2084,12.4867,90.2867,4.0490
2/21/2021,4,-1.6885,-0.3830,-2.2015,12.1513,91.8300,4.5608
2/21/2021,5,-1.6394,-0.3830,-2.1549,11.9983,92.6717,3.4821
2/21/2021,6,-1.6808,-0.3831,-2.0934,11.3518,94.1183,2.7723
2/21/2021,7,-1.0438,-0.3831,-1.4518,10.6893,96.1633,1.9390
2/21/2021,8,63.1688,2.3402,31.1947,11.3398,95.0350,0.7152
2/21/2021,9,238.3579,5.6052,123.0487,13.0813,90.8383,1.7923
2/21/2021,10,464.0501,3.4333,250.4018,16.3635,82.5188,3.8428
2/21/2021,11,660.2114,2.6159,205.0835,20.0572,66.0835,6.8727
2/21/2021,12,776.8047,2.6087,131.1201,22.3413,58.2035,8.5072
2/21/2021,13,827.3009,2.5187,116.0482,24.0723,52.3268,9.1200
2/21/2021,14,810.3974,2.6123,108.8952,25.2270,48.9697,8.2308
2/21/2021,15,719.5777,2.7580,123.3961,25.8207,47.9613,7.9066
2/21/2021,16,570.2502,3.0179,179.3160,25.5103,50.2600,8.6016
2/21/2021,17,376.7142,3.1783,115.8554,25.0117,51.8030,8.4683
2/21/2021,18,160.2085,3.6852,58.7760,23.8420,57.1003,8.6031
2/21/2021,19,11.1463,0.1318,7.8076,22.1037,68.8010,6.3741
2/21/2021,20,-1.6910,-0.3824,-2.4831,20.7837,76.3807,4.5141
2/21/2021,21,-1.6912,-0.3825,-2.4358,19.7860,83.5850,4.0031
2/21/2021,22,-1.6797,-0.3826,-2.2905,19.0123,89.0250,3.7778
2/21/2021,23,-1.6732,-0.3826,-2.2418,18.3117,92.1167,2.6672
2/22/2021,0,-0.9958,-0.2105,-1.5149,17.6587,93.9050,1.9133
2/22/2021,1,-1.0610,-0.2251,-1.5370,17.8323,93.7933,1.9140
2/22/2021,2,-1.5265,-0.3805,-2.0513,17.4857,94.7400,1.8278
2/22/2021,3,-1.5082,-0.3827,-1.9998,16.9820,96.1133,0.5212
2/22/2021,4,-0.9208,-0.1537,-1.4067,16.0947,97.8817,1.5448
2/22/2021,5,-0.5882,0.0051,-1.0821,15.9937,97.6933,1.2015
2/22/2021,6,-1.0768,-0.2441,-1.5069,16.2367,97.3783,1.2207
2/22/2021,7,-1.0040,-0.3828,-1.4380,15.7863,98.5317,1.2646
2/22/2021,8,39.9581,0.2022,42.8457,15.9663,98.7217,1.2879
2/22/2021,9,97.6677,0.4857,106.2231,16.6027,97.0417,1.7767
2/22/2021,10,179.0699,0.5781,195.4280,17.5573,92.8067,1.9063
2/22/2021,11,290.1034,1.1078,316.7964,19.3590,84.5050,2.0900
2/22/2021,12,589.7129,5.0520,436.9017,21.6338,75.4842,1.9602
2/22/2021,13,644.4043,3.3949,371.8049,22.8360,67.6132,2.3014
2/22/2021,14,631.7368,3.2849,354.5200,24.0538,59.4785,2.3530
2/22/2021,15,726.2048,3.8903,287.3229,24.3567,56.2727,2.8300
2/22/2021,16,536.7540,4.0132,275.2055,24.9853,51.3997,2.5793
2/22/2021,17,319.8774,4.0711,145.9843,25.1508,48.3585,2.0026
2/22/2021,18,155.5086,4.3273,73.8067,24.6832,51.3300,3.1216
2/22/2021,19,10.9820,0.1292,8.7060,22.6050,60.2218,4.0391
2/22/2021,20,-1.9874,-0.3824,-2.4828,20.5530,69.4030,3.6371
2/22/2021,21,-1.7541,-0.3825,-2.4835,18.9522,82.0793,3.6010
2/22/2021,22,-1.6916,-0.3826,-2.4734,17.9332,88.1867,2.9037
2/22/2021,23,-1.6919,-0.3827,-2.3997,17.0530,92.2533,2.0700
2/23/2021,0,-1.6922,-0.3827,-2.3664,16.4477,95.6583,2.2095
2/23/2021,1,-1.6447,-0.3828,-2.1699,15.7840,97.8417,1.8834
2/23/2021,2,-1.6478,-0.3828,-2.2033,15.4670,99.1583,2.1502
2/23/2021,3,-1.6871,-0.3829,-2.2194,15.1573,100.0000,2.3180
2/23/2021,4,-1.5229,-0.3829,-2.0403,14.9018,100.0000,2.2587
2/23/2021,5,-1.1659,-0.3220,-1.7635,14.6637,100.0000,2.2290
2/23/2021,6,-0.7271,-0.0272,-1.1414,15.0243,100.0000,2.3053
2/23/2021,7,-0.3775,-0.0006,-0.7379,15.0135,100.0000,1.6698
2/23/2021,8,26.2377,0.1215,28.4296,14.8300,100.0000,1.5434
2/23/2021,9,107.1159,0.4566,117.1883,15.2103,100.0000,1.8018
2/23/2021,10,205.4361,0.6462,225.3102,16.2563,100.0000,2.0001
2/23/2021,11,281.9864,0.9461,305.6564,17.4542,100.0000,2.7898
2/23/2021,12,577.6887,5.1555,429.1758,20.1897,90.6868,3.5767
2/23/2021,13,780.2619,4.4033,312.0276,23.0360,70.5685,3.8937
2/23/2021,14,767.8358,3.8713,273.5059,24.8032,61.6107,4.7236
2/23/2021,15,777.5832,3.4300,288.4575,26.2632,52.8672,5.2967
2/23/2021,16,485.1221,3.8663,221.6044,26.5193,49.4727,5.1737
2/23/2021,17,301.2073,3.2246,162.2766,26.5432,48.0538,5.5827
2/23/2021,18,168.7107,3.8702,79.4679,25.9693,51.0860,5.9488
2/23/2021,19,11.8170,0.1203,8.7940,24.3178,58.7055,6.0654
2/23/2021,20,-1.7506,-0.3823,-2.4824,22.3430,73.0947,5.7987
2/23/2021,21,-1.6908,-0.3824,-2.4813,21.0667,81.1345,5.2521
2/23/2021,22,-1.5955,-0.3825,-2.2056,20.3008,89.1317,5.0166
2/23/2021,23,-1.6904,-0.3825,-2.2723,20.0220,93.4967,5.1955
2/24/2021,0,-1.1406,-0.3634,-1.7431,19.8902,93.8083,5.5068
2/24/2021,1,-1.6095,-0.3826,-2.1684,19.5287,94.7317,5.8959
2/24/2021,2,-1.1253,-0.3416,-1.7035,19.8295,95.3333,5.6579
2/24/2021,3,-0.8181,-0.0295,-1.2606,19.8553,96.2683,4.8170
2/24/2021,4,-1.0618,-0.2535,-1.6112,19.9180,95.2233,4.6181
2/24/2021,5,-0.8427,-0.1568,-1.3510,20.0497,93.6917,4.2960
2/24/2021,6,-1.0671,-0.1692,-1.4058,20.1785,92.5033,4.7889
2/24/2021,7,-1.1971,-0.3826,-1.6755,19.7972,94.7817,3.4220
2/24/2021,8,26.4719,0.0544,28.6458,20.0125,94.0617,5.4834
2/24/2021,9,95.3826,0.3885,104.3266,20.5107,91.2000,5.6903
2/24/2021,10,306.5817,2.0735,296.0886,21.2250,86.7167,5.8964
2/24/2021,11,635.8455,4.4739,321.3622,22.8402,78.9680,5.4988
2/24/2021,12,740.7214,3.2066,223.1285,25.4878,68.8432,4.8760
2/24/2021,13,801.6218,2.6534,191.0212,27.7937,56.9440,4.8207
2/24/2021,14,782.6964,2.6582,173.6796,29.2250,49.8853,5.3629
2/24/2021,15,692.6139,2.6456,167.8724,30.4160,47.0688,5.1128
2/24/2021,16,540.2906,3.2071,207.9064,29.5660,53.5508,6.9473
2/24/2021,17,358.7773,3.3992,142.9344,28.2003,58.5152,7.4882
2/24/2021,18,151.5403,3.5201,74.5195,26.8752,62.2997,7.4665
2/24/2021,19,10.8383,0.0322,9.0872,25.0167,68.9783,7.4794
2/24/2021,20,-1.6901,-0.3823,-2.4820,23.6567,73.8522,6.9028
2/24/2021,21,-1.6905,-0.3823,-2.4820,22.4300,81.3245,5.6310
2/24/2021,22,-1.6908,-0.3824,-2.3792,21.4833,88.8933,5.9341
2/24/2021,23,-1.6905,-0.3825,-2.2785,21.0117,90.9450,4.7051
2/25/2021,0,-1.6899,-0.3825,-2.2652,20.6700,91.4917,4.7848
2/25/2021,1,-1.0778,-0.3283,-1.5948,20.5083,93.8850,5.8097
2/25/2021,2,-0.9394,-0.2960,-1.4091,20.8533,93.5117,6.4268
2/25/2021,3,-1.0119,-0.2603,-1.4472,20.9100,92.6400,5.6868
2/25/2021,4,-1.0147,-0.3608,-1.6687,20.9000,92.4183,5.9124
2/25/2021,5,-1.1370,-0.3725,-1.7548,20.9600,92.2383,5.9489
2/25/2021,6,-1.4535,-0.3825,-2.0168,20.6733,94.2967,4.9931
2/25/2021,7,-0.7335,-0.3791,-1.1907,20.3567,95.9567,5.2836
2/25/2021,8,40.5831,0.6227,40.6502,20.1717,96.9583,4.7913
2/25/2021,9,175.9828,2.5886,165.1505,21.0617,94.0100,6.0338
2/25/2021,10,350.8536,4.0697,312.4231,22.5833,87.5483,7.5427
2/25/2021,11,416.5394,3.6397,347.0938,23.9250,80.9350,8.6225
2/25/2021,12,602.6574,3.4853,278.0672,25.5883,73.8600,8.5666
2/25/2021,13,767.2587,3.2166,230.0913,27.3133,65.2967,8.8767
2/25/2021,14,745.1804,3.8767,288.7962,28.2783,60.4117,9.4462
2/25/2021,15,733.1517,3.0411,221.8647,28.5167,57.9517,9.7883
2/25/2021,16,528.5757,7.3665,333.8086,28.4900,56.7733,9.6210
2/25/2021,17,386.7613,3.0075,152.3123,28.0133,59.5917,9.0270
2/25/2021,18,160.5523,2.9787,71.0130,26.9967,64.0150,8.6825
2/25/2021,19,10.2294,0.0169,7.8342,25.1983,72.9150,8.1067
2/25/2021,20,-1.6901,-0.3823,-2.4820,23.8333,78.1233,7.0011
2/25/2021,21,-1.6905,-0.3823,-2.4826,22.7250,82.4733,6.3030
2/25/2021,22,-1.4850,-0.3816,-2.2193,22.1833,86.5517,6.4429
2/25/2021,23,-1.0898,-0.3760,-1.7592,22.0983,90.3383,7.2834
2/26/2021,0,-0.9051,-0.3204,-1.3722,22.3400,90.2817,8.4962
2/26/2021,1,-1.0145,-0.3673,-1.7354,22.3183,89.6300,6.9195
2/26/2021,2,-1.3166,-0.3633,-2.0140,21.7433,91.5667,7.2252
2/26/2021,3,-1.6910,-0.3825,-2.4284,21.0983,94.2033,6.6999
2/26/2021,4,-1.6326,-0.3825,-2.1825,20.9650,94.7983,5.9150
2/26/2021,5,-1.1373,-0.3789,-1.8179,21.1600,94.4500,4.2258
2/26/2021,6,-1.4042,-0.3825,-1.8922,21.1433,93.6117,3.4567
2/26/2021,7,-1.0230,-0.3825,-1.6180,20.7450,94.4217,4.2328
2/26/2021,8,64.1156,1.9965,51.9989,20.2983,96.2850,3.7597
2/26/2021,9,131.4973,0.8188,142.8956,20.8700,93.5117,4.6463
2/26/2021,10,271.2383,2.0504,266.9823,22.2667,84.5567,5.1949
2/26/2021,11,513.2076,3.7973,334.1007,24.0228,75.0520,5.0504
2/26/2021,12,689.3552,3.5771,280.1964,26.0027,64.2327,4.2390
2/26/2021,13,892.8673,2.9914,306.0265,27.9440,54.9313,3.9862
2/26/2021,14,750.4228,4.0317,345.4534,29.4907,47.2217,4.6216
2/26/2021,15,549.6158,3.7791,392.3845,30.0798,45.4217,5.1604
2/26/2021,16,461.4465,4.3821,323.2610,29.0263,55.4505,6.8351
2/26/2021,17,195.5841,1.4615,199.0227,27.7980,58.5288,6.8098
2/26/2021,18,102.5293,0.5305,108.0097,26.5568,63.5300,6.3524
2/26/2021,19,8.8392,-0.3524,9.2682,25.8608,67.0858,4.9723
2/26/2021,20,-1.6899,-0.3822,-2.2712,24.8703,72.1983,5.4308
2/26/2021,21,-1.2859,-0.3814,-1.7769,23.4222,82.3197,5.5236
2/26/2021,22,-1.0139,-0.2912,-1.4137,23.0632,86.8750,5.6004
2/26/2021,23,-0.9600,-0.2487,-1.2663,22.9903,88.8800,5.3266
2/27/2021,0,-0.9730,-0.2683,-1.3217,23.2667,88.2067,5.3726
2/27/2021,1,-1.0143,-0.3509,-1.6295,23.1513,89.2817,5.6025
2/27/2021,2,-1.2619,-0.3822,-1.7768,22.7360,90.1067,6.0507
2/27/2021,3,-1.0620,-0.3807,-1.7629,22.5163,89.8517,6.5406
2/27/2021,4,-1.0289,-0.3650,-1.7310,22.2630,90.7217,5.6410
2/27/2021,5,-1.0145,-0.3550,-1.7084,22.2517,90.3900,5.8353
2/27/2021,6,-1.0179,-0.3620,-1.5635,22.0978,91.5900,5.5552
2/27/2021,7,-0.1525,-0.3824,-0.5691,21.7378,93.1700,5.3621
2/27/2021,8,30.8190,-0.2482,33.4032,21.7288,93.7100,6.0696
2/27/2021,9,153.8480,0.8282,166.6176,22.2817,91.4167,7.1071
2/27/2021,10,177.5341,0.4637,193.7609,23.5918,85.6550,7.3382
2/27/2021,11,120.5462,0.3823,131.5878,24.1912,82.6700,7.8347
2/27/2021,12,188.8750,0.5441,206.2464,25.2102,76.9653,7.7297
2/27/2021,13,164.7052,0.4706,179.3990,26.2448,72.2058,7.3937
2/27/2021,14,235.9535,0.7923,254.1006,27.0313,69.5257,6.7477
2/27/2021,15,367.0414,1.9302,385.9748,27.6752,66.7537,7.4134
2/27/2021,16,303.9786,2.0318,316.7448,27.7672,66.0188,7.9293
2/27/2021,17,196.2426,1.3935,205.6430,27.5620,67.6705,6.7416
2/27/2021,18,83.5639,0.3742,90.6451,27.0325,69.4938,7.1908
2/27/2021,19,8.2346,-0.3442,8.6362,25.7955,75.1647,6.7162
2/27/2021,20,-1.5197,-0.3822,-2.2005,24.4002,82.2222,6.9386
2/27/2021,21,-1.2694,-0.3823,-1.7896,23.8563,84.1517,7.5407
2/27/2021,22,-1.0209,-0.3770,-1.7152,23.9385,84.3683,7.2431
2/27/2021,23,-1.0445,-0.3482,-1.7171,23.6625,87.8033,7.3432
2/28/2021,0,-1.3051,-0.3824,-1.8104,23.1795,89.8150,7.1540
2/28/2021,1,-1.5624,-0.3824,-2.0072,22.9497,90.7900,6.9915
2/28/2021,2,-1.6389,-0.3824,-2.2663,23.0183,88.9117,8.0032
2/28/2021,3,-1.6908,-0.3824,-2.3855,22.8080,90.3350,7.8810
2/28/2021,4,-1.6874,-0.3824,-2.3370,22.7315,88.5383,7.6130
2/28/2021,5,-1.6908,-0.3824,-2.3899,22.3727,88.2000,5.5611
2/28/2021,6,-1.6523,-0.3825,-2.0967,21.9693,92.5733,6.2376
2/28/2021,7,-0.3709,-0.3778,-0.7703,21.8478,94.0817,5.3350
2/28/2021,8,32.7646,-0.1124,35.5452,21.7258,94.3267,5.4048
2/28/2021,9,68.5747,0.3822,74.8239,22.4987,92.4833,5.2021
2/28/2021,10,110.8459,0.4302,121.0362,23.6187,87.6600,5.5324
2/28/2021,11,171.4861,0.5172,186.3961,24.8880,80.9062,7.0280
2/28/2021,12,258.6835,0.8943,281.3243,25.6798,78.0738,6.8123
2/28/2021,13,321.9641,1.3174,344.0490,26.7437,73.5922,6.2696
2/28/2021,14,495.7014,3.0616,449.0204,28.4130,65.8187,6.3641
2/28/2021,15,567.8688,4.3711,414.1587,29.7662,61.0365,6.4316
2/28/2021,16,455.5641,4.5947,342.5827,29.7122,62.4197,6.2844
2/28/2021,17,324.1359,4.5630,218.3924,29.5643,63.5365,6.2128
2/28/2021,18,136.6738,2.9039,110.7120,28.6392,66.2417,6.2259
2/28/2021,19,14.7905,-0.0145,15.4821,26.8207,74.7510,5.5801
2/28/2021,20,-1.0954,-0.3645,-1.7661,25.1957,82.8767,4.8857
2/28/2021,21,-1.0140,-0.2007,-1.5205,24.3573,85.9067,6.6320
2/28/2021,22,-1.0000,-0.1954,-1.2907,23.9200,87.3833,6.9741
2/28/2021,23,-1.0038,-0.2234,-1.3040,24.0000,87.2800,5.9194
3/1/2021,0,-1.0126,-0.1994,-1.3201,23.8843,87.0400,6.8176
3/1/2021,1,-1.0103,-0.2135,-1.3219,23.8383,86.2900,6.0815
3/1/2021,2,-1.0141,-0.2281,-1.4007,23.7863,85.5867,5.6696
3/1/2021,3,-1.0143,-0.3556,-1.7187,23.6410,84.1550,5.6045
3/1/2021,4,-1.0977,-0.3815,-1.7822,23.4160,83.9850,4.7722
3/1/2021,5,-1.0273,-0.3800,-1.7501,23.2127,84.8600,3.1957
3/1/2021,6,-1.1911,-0.3824,-1.7722,22.9527,86.1317,3.3032
3/1/2021,7,-0.5959,-0.3824,-0.9445,22.6483,88.1600,2.9722
3/1/2021,8,29.0958,-0.0011,30.7742,22.3197,90.7350,1.9645
3/1/2021,9,67.8148,0.3824,73.9897,22.6970,89.1083,1.3642
3/1/2021,10,71.0583,0.3821,77.4846,23.2070,85.5900,2.1530
3/1/2021,11,85.3830,0.3823,93.1665,23.3810,83.8333,2.6839
3/1/2021,12,63.1930,0.5253,68.8562,22.3553,86.4917,2.4027
3/1/2021,13,63.0846,0.3912,68.3537,15.4030,97.8350,3.3282
3/1/2021,14,76.5125,0.3828,83.2758,13.5730,96.8167,4.1120
3/1/2021,15,54.0371,0.0717,58.7776,12.3350,96.0317,4.6256
3/1/2021,16,56.5182,-0.1364,61.5185,11.9407,97.2950,5.0207
3/1/2021,17,29.2975,-0.2343,31.5595,12.1363,97.6367,4.4885
3/1/2021,18,11.7857,-0.3511,12.3618,12.3383,96.8500,4.1301
3/1/2021,19,0.1118,-0.3539,-0.3778,12.4847,95.9133,3.7257
3/1/2021,20,-1.4725,-0.4622,-2.1622,12.8723,91.8967,3.9564
3/1/2021,21,-1.2098,-0.4015,-2.2319,12.8347,90.8117,3.6425
3/1/2021,22,-0.8224,-0.3830,-1.4639,12.9457,89.1150,3.3921
3/1/2021,23,-0.8027,-0.3821,-1.2022,13.1107,85.3350,3.1604
3/2/2021,0,-0.9735,-0.2345,-1.3330,12.9983,81.7567,3.5171
3/2/2021,1,-0.9089,-0.0702,-1.2801,12.7670,81.1150,3.0521
3/2/2021,2,-0.9631,-0.1630,-1.4216,13.0025,78.5698,3.3075
3/2/2021,3,-1.0318,-0.2753,-1.5521,13.1403,75.4420,4.2219
3/2/2021,4,-0.9601,-0.0070,-1.3204,12.9330,70.7080,4.3873
3/2/2021,5,-0.8478,-0.0851,-1.2659,12.7543,70.7075,3.3132
3/2/2021,6,-0.7947,-0.0500,-1.1120,13.0390,67.5097,3.9058
3/2/2021,7,-0.5978,-0.0230,-0.8939,13.1953,63.6237,4.3081
3/2/2021,8,17.2056,0.0343,18.4969,13.2117,62.3097,3.9259
3/2/2021,9,49.6244,0.3575,54.0891,13.1950,61.8037,4.3433
3/2/2021,10,74.2066,0.3657,81.0506,13.3015,60.6340,4.1188
3/2/2021,11,165.6910,0.4382,181.5047,13.6525,57.8592,4.0643
3/2/2021,12,249.1227,0.7894,272.8687,14.2490,55.0053,3.3933
3/2/2021,13,400.6824,1.2888,438.6165,15.1893,51.2235,3.5141
3/2/2021,14,474.4063,1.8229,516.5163,16.5292,45.3302,3.3540
3/2/2021,15,377.4853,1.0388,412.7355,17.0722,41.0352,3.9916
3/2/2021,16,265.2276,0.4880,290.4250,17.2793,39.6538,3.3296
3/2/2021,17,195.5735,0.3964,213.7580,17.6087,37.8782,2.9041
3/2/2021,18,92.1949,0.3690,100.3863,17.7145,37.7752,2.0525
3/2/2021,19,9.5459,-0.1620,9.9579,17.3042,39.6682,1.0550
3/2/2021,20,-1.7396,-0.3827,-2.4843,16.7612,41.7712,0.6342
3/2/2021,21,-1.6925,-0.3828,-2.3964,15.8735,44.9885,1.0268
3/2/2021,22,-1.6847,-0.3829,-2.2885,15.0458,48.0022,1.0513
3/2/2021,23,-1.6684,-0.3829,-2.3619,13.8357,54.8593,1.7965
3/3/2021,0,-1.6866,-0.3830,-2.2075,12.5398,71.9085,2.6923
3/3/2021,1,-1.6597,-0.3830,-2.1318,11.8998,78.2653,2.1708
3/3/2021,2,-1.4442,-0.3830,-1.9433,11.4395,81.4817,1.4873
3/3/2021,3,-1.4771,-0.3831,-2.0267,11.2728,84.0583,1.7140
3/3/2021,4,-1.5348,-0.3831,-2.0374,11.0447,85.7600,0.9679
3/3/2021,5,-1.3309,-0.3831,-1.8371,10.6553,87.3933,0.7770
3/3/2021,6,-1.2651,-0.3832,-1.8001,10.2045,89.2300,0.8745
3/3/2021,7,0.8002,-0.3832,0.4680,9.8548,91.0483,1.2144
3/3/2021,8,70.0809,1.1943,60.7437,9.6385,91.0567,1.2915
3/3/2021,9,279.0608,3.1561,100.6777,12.0165,86.7117,1.0740
3/3/2021,10,488.5507,3.3541,271.2429,16.1732,74.7368,1.4568
3/3/2021,11,628.0757,3.1175,268.0843,18.0870,65.4810,2.1781
3/3/2021,12,739.2048,3.1493,245.7500,19.7320,56.0180,2.1063
3/3/2021,13,783.6676,2.9060,255.0467,21.2527,47.1565,2.1388
3/3/2021,14,726.2363,3.2850,290.5404,21.9768,43.4762,2.4201
3/3/2021,15,643.9980,3.6406,241.5185,22.8332,40.0298,2.4930
3/3/2021,16,487.1389,3.9372,273.1756,23.5870,41.4915,2.5517
3/3/2021,17,312.3264,3.3629,205.4748,23.5948,43.4337,2.7609
3/3/2021,18,148.3114,2.7903,98.6683,22.7047,48.2515,4.2456
3/3/2021,19,11.8273,-0.0185,10.9589,20.7190,56.3438,4.3726
3/3/2021,20,-1.8794,-0.3825,-2.4835,18.7980,65.9867,4.4615
3/3/2021,21,-1.6971,-0.3826,-2.4844,17.7505,72.1203,3.3427
3/3/2021,22,-1.6920,-0.3827,-2.3424,16.9182,76.5320,2.7383
3/3/2021,23,-1.6922,-0.3827,-2.3452,16.3092,79.4620,2.9393
3/4/2021,0,-1.6763,-0.3828,-2.2370,15.8158,82.3383,2.8928
3/4/2021,1,-1.6926,-0.3828,-2.3679,15.3152,85.1017,2.4032
3/4/2021,2,-1.6928,-0.3829,-2.3331,14.8675,88.0817,2.8592
3/4/2021,3,-1.6774,-0.3829,-2.1926,14.4163,90.2100,2.3842
3/4/2021,4,-1.6419,-0.3829,-2.1621,13.9430,92.1850,1.6119
3/4/2021,5,-1.4425,-0.3829,-1.8648,13.3430,94.3850,1.3841
3/4/2021,6,-1.3776,-0.3829,-1.7626,13.2310,95.5267,1.3205
3/4/2021,7,-0.0714,-0.3600,-0.4475,12.8800,96.0883,1.0765
3/4/2021,8,83.2360,2.3653,46.0531,13.1960,94.6833,1.1902
3/4/2021,9,300.0357,3.3213,107.2510,16.3040,88.6583,2.2982
3/4/2021,10,477.5921,4.2488,274.1415,19.9417,80.6253,4.5917
3/4/2021,11,525.4478,3.8181,377.1534,21.9327,72.8217,5.1174
3/4/2021,12,789.5964,3.6926,343.9795,23.4767,65.8380,5.1882
3/4/2021,13,758.5576,3.6519,265.0869,24.6647,59.8477,5.3841
3/4/2021,14,739.4631,3.1378,337.6439,25.7213,56.2580,5.1925
3/4/2021,15,471.6930,2.6150,357.2072,25.8167,55.7100,5.9833
3/4/2021,16,290.7118,2.0074,302.2301,25.2293,59.9300,6.0885
3/4/2021,17,163.8758,0.9818,177.6521,24.5963,64.7687,6.1927
3/4/2021,18,50.7164,0.3920,55.2928,23.3210,70.4228,6.7165
3/4/2021,19,7.5460,0.1465,7.9290,22.2667,74.6572,6.5538
3/4/2021,20,-1.0144,-0.1608,-1.5337,21.3763,78.6782,6.0417
3/4/2021,21,-1.0145,-0.1568,-1.3723,20.7807,81.8100,6.0076
3/4/2021,22,-1.0146,-0.1218,-1.3097,20.3947,84.4100,6.3372
3/4/2021,23,-1.0144,-0.1658,-1.3611,20.2043,85.8850,6.0990
3/5/2021,0,-1.0135,-0.2136,-1.4133,20.1410,86.9300,5.9536
3/5/2021,1,-1.0109,-0.2897,-1.4728,20.1347,87.5733,5.7282
3/5/2021,2,-0.9428,-0.1883,-1.2902,20.4597,87.1000,6.0824
3/5/2021,3,-0.9872,-0.1543,-1.3381,20.4993,87.5267,6.0933
3/5/2021,4,-1.1216,-0.2977,-1.6512,20.3670,88.9633,6.2161
3/5/2021,5,-1.4027,-0.3753,-1.9199,20.1377,91.2850,5.5640
3/5/2021,6,-1.0688,-0.3634,-1.5649,20.1790,92.5433,4.3771
3/5/2021,7,0.2890,-0.0489,-0.1090,20.4427,91.6200,1.0659
3/5/2021,8,15.5614,0.0193,16.6328,20.7115,90.0167,0.7453
3/5/2021,9,113.1009,0.4547,123.4515,20.8342,89.1033,2.1963
3/5/2021,10,181.1778,0.6995,197.4703,21.6397,85.4383,1.2726
3/5/2021,11,136.1871,0.6893,148.7499,22.1350,82.7833,1.1280
3/5/2021,12,434.8700,3.3997,432.0738,23.0932,77.4240,1.2770
3/5/2021,13,375.3882,1.9213,354.6626,24.4112,69.6913,2.1538
3/5/2021,14,606.4429,2.8824,325.8863,26.1793,59.3587,2.7699
3/5/2021,15,642.1224,3.3504,303.5989,27.8553,47.9055,3.0715
3/5/2021,16,514.6249,3.9679,291.1300,28.8040,36.3805,3.6767
3/5/2021,17,405.2983,3.0053,133.3630,29.3127,24.6323,4.1767
3/5/2021,18,197.0941,3.3617,61.9817,28.7583,20.9963,3.3550
3/5/2021,19,20.6948,0.6771,11.4359,27.4900,22.2873,1.5433
3/5/2021,20,-2.5158,-0.5448,-2.8600,25.9105,24.4833,1.3525
3/5/2021,21,-2.5535,-0.3961,-2.9148,23.7510,21.4463,2.9099
3/5/2021,22,-2.3696,-0.4047,-2.8378,22.0000,22.5963,2.4935
3/5/2021,23,-2.3677,-0.4199,-2.8330,21.0412,24.4892,2.1804
3/6/2021,0,-2.2746,-0.4004,-2.7556,20.1258,26.6848,3.0855
3/6/2021,1,-2.1601,-0.3826,-2.5948,18.6258,33.0650,2.4418
3/6/2021,2,-2.0655,-0.3827,-2.5236,18.1542,37.0892,2.1390
3/6/2021,3,-1.7543,-0.3827,-2.4851,17.3925,45.2900,2.3158
3/6/2021,4,-1.9937,-0.3828,-2.4865,16.1467,52.6350,1.3830
3/6/2021,5,-1.6987,-0.3828,-2.4821,15.0267,56.2925,2.2428
3/6/2021,6,-1.7536,-0.3829,-2.3691,14.3392,60.2950,2.8031
3/6/2021,7,-0.2116,-0.3829,-0.6439,13.9517,61.9983,3.1635
3/6/2021,8,77.4439,1.4681,61.9696,14.3058,60.4233,3.8065
3/6/2021,9,309.9454,3.6724,139.8270,15.8217,58.3567,4.7434
3/6/2021,10,538.6534,3.1751,326.8242,17.5292,58.1883,3.4969
3/6/2021,11,699.4559,3.1161,254.0030,18.7175,56.1717,2.9124
3/6/2021,12,584.5141,2.5036,313.5994,19.5350,52.5217,3.0530
3/6/2021,13,536.9350,3.2412,407.0231,20.3175,48.8633,2.6766
3/6/2021,14,711.3469,3.9726,357.4635,21.0442,46.3975,2.6559
3/6/2021,15,499.4673,3.2386,310.7425,21.3903,44.1698,2.5055
3/6/2021,16,482.5510,3.7310,288.4092,21.5243,43.6070,3.0202
3/6/2021,17,291.7291,3.7324,225.4436,20.9305,47.0268,4.1265
3/6/2021,18,148.3759,2.8319,92.7553,19.7997,52.2305,5.1258
3/6/2021,19,20.1005,0.4326,13.5026,17.9587,56.2233,5.4014
3/6/2021,20,-1.8568,-0.3827,-2.4847,16.2575,59.9533,5.4376
3/6/2021,21,-1.7299,-0.3828,-2.4855,14.7900,72.7728,3.3247
3/6/2021,22,-1.6928,-0.3829,-2.4692,14.0983,77.8922,2.5852
3/6/2021,23,-1.6929,-0.3829,-2.3865,13.9258,79.8600,3.3726
3/7/2021,0,-1.6931,-0.3829,-2.4635,13.6025,81.9783,2.6265
3/7/2021,1,-1.6932,-0.3830,-2.3252,12.8333,84.6483,2.8042
3/7/2021,2,-1.6934,-0.3830,-2.2674,12.7507,85.2017,1.3776
3/7/2021,3,-1.6721,-0.3830,-2.1176,11.9950,87.4333,1.0393
3/7/2021,4,-1.5890,-0.3831,-2.0448,11.1057,90.9067,1.1470
3/7/2021,5,-1.4273,-0.3831,-1.9150,10.5510,93.0167,1.7332
3/7/2021,6,-1.4719,-0.3831,-1.8701,9.8563,94.1883,1.9447
3/7/2021,7,0.6926,-0.3832,0.3393,10.0477,94.0883,1.9365
3/7/2021,8,90.9811,2.7784,54.4482,10.5735,91.9983,1.5685
3/7/2021,9,271.2774,4.5416,154.9503,12.6023,85.4900,1.3171
3/7/2021,10,371.4453,3.7148,306.2807,15.3102,76.4242,1.2444
3/7/2021,11,421.5799,2.9115,445.6759,18.3213,65.2113,1.2831
3/7/2021,12,590.5881,4.3885,503.1392,19.9882,58.5602,2.4554
3/7/2021,13,365.8237,1.4576,395.2860,20.7002,53.1408,2.4560
3/7/2021,14,415.1650,1.8532,423.5339,21.0865,50.9003,2.8437
3/7/2021,15,196.9711,0.7280,215.2963,20.9832,52.1153,3.4473
3/7/2021,16,60.3622,0.3800,65.8522,20.6800,53.6620,3.0829
3/7/2021,17,52.8257,0.3748,57.4925,20.4223,55.0107,3.2209
3/7/2021,18,19.2431,0.0950,20.7043,20.2370,55.7972,3.4397
3/7/2021,19,1.2430,-0.2348,0.9051,19.7480,59.9287,3.1693
3/7/2021,20,-1.0148,-0.3156,-1.6909,19.0943,67.7473,3.0150
3/7/2021,21,-1.0150,-0.3480,-1.7423,18.7753,68.8480,2.7974
3/7/2021,22,-1.0150,-0.3499,-1.7094,18.5540,70.2187,2.4302
3/7/2021,23,-1.0150,-0.3512,-1.6824,18.3613,71.5300,1.6976
3/8/2021,0,-1.0150,-0.3310,-1.5989,18.0557,72.6653,1.5939
3/8/2021,1,-1.0151,-0.3140,-1.7253,17.8380,76.5820,2.1926
3/8/2021,2,-1.0151,-0.3508,-1.6778,17.3003,80.1017,1.7404
3/8/2021,3,-1.0152,-0.3791,-1.7559,17.1730,79.1083,0.9449
3/8/2021,4,-1.0153,-0.3821,-1.7620,16.6517,78.6950,1.0181
3/8/2021,5,-1.0153,-0.3715,-1.6688,16.3327,79.7113,1.2902
3/8/2021,6,-1.1790,-0.3817,-1.7669,15.9743,81.7750,1.4441
3/8/2021,7,0.2544,-0.3822,-0.1061,15.7220,84.2317,1.5686
3/8/2021,8,86.7060,1.9357,56.5029,16.4603,82.9223,1.4761
3/8/2021,9,293.0116,4.0157,141.2811,18.8418,75.5500,2.9339
3/8/2021,10,476.0399,3.5434,303.5200,21.0048,68.2703,4.6315
3/8/2021,11,321.8373,2.2303,318.5336,21.7947,63.3710,5.0997
3/8/2021,12,389.1065,2.1845,414.5294,22.4925,59.5782,4.9563
3/8/2021,13,348.0068,1.7609,370.6756,23.0960,57.0555,4.6000
3/8/2021,14,263.0736,0.9816,281.6542,23.3018,56.3680,4.5952
3/8/2021,15,210.2957,0.4220,230.0653,22.9875,59.2555,4.1911
3/8/2021,16,131.8157,0.6371,144.1230,22.8250,60.7247,4.9505
3/8/2021,17,203.4890,1.3841,219.9540,22.0140,65.7713,5.8210
3/8/2021,18,126.6385,2.2960,119.8174,21.8400,66.8232,5.3169
3/8/2021,19,13.1795,0.0461,12.2863,21.4887,67.6680,3.8570
3/8/2021,20,-1.7008,-0.3825,-2.4834,20.3968,72.8295,4.1962
3/8/2021,21,-1.6914,-0.3826,-2.4840,19.2637,81.2285,3.6850
3/8/2021,22,-1.6807,-0.3826,-2.3835,18.5873,86.5683,3.3496
3/8/2021,23,-1.2208,-0.3797,-1.8236,18.1663,89.2583,2.7366
3/9/2021,0,-1.0151,-0.3569,-1.7012,18.0952,90.4417,2.8838
3/9/2021,1,-1.0151,-0.3476,-1.6166,18.1062,92.0983,3.2178
3/9/2021,2,-1.0151,-0.3385,-1.6040,18.2302,92.9917,3.5244
3/9/2021,3,-1.1614,-0.3827,-1.7635,18.8307,91.2850,4.3456
3/9/2021,4,-1.4207,-0.3826,-1.8329,18.5060,92.4267,3.9856
3/9/2021,5,-1.5259,-0.3827,-1.9511,18.2708,93.6083,4.2603
3/9/2021,6,-1.6861,-0.3827,-2.0024,17.9488,94.6467,3.5497
3/9/2021,7,1.2686,-0.3827,1.1266,17.9740,93.4433,4.2113
3/9/2021,8,94.1325,3.8546,58.8071,18.5633,90.1167,4.5509
3/9/2021,9,326.1688,4.1737,124.6574,20.4015,81.2435,6.2414
3/9/2021,10,443.1677,4.4751,324.1274,22.1793,71.4612,7.7885
3/9/2021,11,549.1753,4.5216,321.0006,23.4645,63.2410,7.8144
3/9/2021,12,696.9998,4.4677,312.6252,24.9227,55.0515,7.7237
3/9/2021,13,643.5850,3.4349,331.3065,25.6608,52.2487,7.2234
3/9/2021,14,787.6119,3.9686,272.8618,26.4747,48.0792,7.6326
3/9/2021,15,666.6858,4.6820,308.6915,26.9852,45.3198,7.5058
3/9/2021,16,590.2147,4.9024,299.2841,26.6643,46.5383,8.6670
3/9/2021,17,327.5269,4.4869,237.6052,25.9830,45.3178,8.6466
3/9/2021,18,151.8085,2.9180,125.0284,24.9597,50.8772,8.4269
3/9/2021,19,18.7177,-0.1442,19.5127,23.3135,58.2193,8.5752
3/9/2021,20,-1.7026,-0.3824,-2.4827,21.8677,66.9158,7.4312
3/9/2021,21,-1.6835,-0.3825,-2.1725,21.0125,76.1423,7.7579
3/9/2021,22,-1.6778,-0.3825,-2.2093,20.5497,78.9487,7.7633
3/9/2021,23,-1.6913,-0.3825,-2.4770,20.0137,81.5483,6.3913
3/10/2021,0,-1.6916,-0.3826,-2.4132,19.6020,84.2350,5.7531
3/10/2021,1,-1.6916,-0.3826,-2.3678,19.3672,85.5750,6.5433
3/10/2021,2,-1.5967,-0.3826,-2.1600,19.1393,86.6817,6.3270
3/10/2021,3,-1.1810,-0.3807,-1.8134,19.2390,86.7767,5.2799
3/10/2021,4,-1.0900,-0.3667,-1.7627,19.2215,87.4033,5.3778
3/10/2021,5,-1.0090,-0.2321,-1.4847,18.8655,89.3267,4.8044
3/10/2021,6,-1.0122,-0.3507,-1.5578,19.0607,89.4667,4.7830
3/10/2021,7,1.5334,-0.2734,1.2816,19.2818,89.5183,4.2177
3/10/2021,8,33.8306,0.2189,36.6425,19.6042,89.1567,4.8537
3/10/2021,9,201.9423,2.1921,202.4708,20.6470,86.0317,6.8130
3/10/2021,10,478.6731,5.0782,298.0960,22.5353,74.4245,8.6513
3/10/2021,11,697.7892,2.8779,170.9208,24.6678,60.3918,9.6470
3/10/2021,12,809.7108,3.8867,185.5638,26.6440,50.2070,8.7418
3/10/2021,13,855.3473,2.8624,166.2798,27.5700,48.8738,8.7529
3/10/2021,14,837.0240,3.1718,173.1223,28.0792,47.4598,9.0125
3/10/2021,15,728.4122,3.5309,189.0692,28.0915,44.4698,10.5645
3/10/2021,16,583.0126,3.6867,215.7951,27.9307,42.4607,10.0712
3/10/2021,17,401.6583,3.7319,170.1378,27.5148,44.9195,9.4422
3/10/2021,18,143.2115,2.7679,103.0355,26.1948,53.5288,8.8439
3/10/2021,19,15.7031,0.0543,15.8784,24.5295,61.8558,8.2755
3/10/2021,20,-1.7391,-0.3823,-2.4823,23.0855,69.2413,7.4752
3/10/2021,21,-1.6907,-0.3824,-2.4829,22.2173,78.7535,6.6798
3/10/2021,22,-1.6381,-0.3824,-2.3862,21.5932,86.0567,7.1609
3/10/2021,23,-1.3730,-0.3818,-1.8638,21.4297,89.2050,7.2554
3/11/2021,0,-1.6280,-0.3825,-2.1880,21.4883,89.5367,7.8175
3/11/2021,1,-1.0460,-0.3801,-1.7570,21.6030,89.6183,8.1725
3/11/2021,2,-1.2031,-0.3819,-1.8079,21.4063,90.4933,8.2373
3/11/2021,3,-1.1706,-0.3306,-1.6643,21.1803,91.6950,8.9897
3/11/2021,4,-1.0942,-0.3797,-1.7933,21.1250,91.2867,8.4892
3/11/2021,5,-1.0153,-0.3812,-1.7675,21.1310,90.7333,7.3854
3/11/2021,6,-0.9859,-0.3544,-1.4101,21.2730,90.4133,6.6969
3/11/2021,7,0.3070,-0.3138,-0.0156,21.3667,91.0933,5.7696
3/11/2021,8,32.2136,0.1898,34.7155,21.5203,91.4617,5.4938
3/11/2021,9,144.7150,1.1705,149.1376,22.2297,87.9900,6.9763
3/11/2021,10,332.5286,2.8978,326.8569,23.4907,80.4413,8.0939
3/11/2021,11,485.8339,3.4867,383.0146,24.9670,71.4597,9.0293
3/11/2021,12,554.3815,4.2190,426.1022,26.2547,63.2963,8.7785
3/11/2021,13,705.4164,4.1304,365.6574,27.0493,58.9302,9.4303
3/11/2021,14,754.4889,4.4511,262.1176,27.9990,55.5630,9.2649
3/11/2021,15,734.0977,3.8335,189.1817,28.8250,50.4730,9.0183
3/11/2021,16,580.7883,3.8771,195.3084,28.7200,51.7497,9.0344
3/11/2021,17,404.7954,4.2278,167.1857,28.4577,52.2640,9.2611
3/11/2021,18,190.7851,4.5475,94.5152,27.4287,54.7593,8.5379
3/11/2021,19,20.6611,0.4336,18.1768,25.9000,64.3343,7.5796
3/11/2021,20,-1.6899,-0.3822,-2.4802,24.2140,75.6157,6.6954
3/11/2021,21,-1.6903,-0.3823,-2.3833,23.3403,83.4360,7.1045
3/11/2021,22,-1.3603,-0.3824,-2.0921,22.9970,87.1833,7.1745
3/11/2021,23,-1.0553,-0.3720,-1.6999,23.0657,88.6783,9.3453
3/12/2021,0,-1.6816,-0.3824,-2.3313,23.3447,87.1883,9.3993
3/12/2021,1,-1.6795,-0.3824,-2.2639,23.3460,87.2067,9.0522
3/12/2021,2,-1.0567,-0.3450,-1.7064,23.0790,88.3583,7.2583
3/12/2021,3,-1.1219,-0.3374,-1.6384,22.8327,87.3650,6.8782
3/12/2021,4,-1.5450,-0.3824,-2.0657,22.3943,88.5667,6.2431
3/12/2021,5,-1.3656,-0.3818,-1.9995,21.9517,90.9267,6.2443
3/12/2021,6,-1.0274,-0.3791,-1.5271,21.8317,92.5550,5.9425
3/12/2021,7,0.9462,-0.3455,0.6946,21.9873,92.5683,5.2629
3/12/2021,8,39.1545,-0.1105,42.6346,22.3437,91.0333,5.1601
3/12/2021,9,136.6312,1.1347,137.7683,22.5603,91.3450,4.2853
3/12/2021,10,399.0998,4.3308,318.9875,23.8995,84.0602,6.1712
3/12/2021,11,606.5453,4.4666,298.7347,25.9397,71.1693,7.6937
3/12/2021,12,717.3197,3.7037,345.3574,27.3960,62.2262,8.7489
3/12/2021,13,735.6509,3.8299,380.0632,28.5045,57.2710,8.7066
3/12/2021,14,548.2085,3.9413,442.8718,28.7902,55.5978,8.5530
3/12/2021,15,426.4710,2.5540,364.5011,28.5532,57.3122,8.2733
3/12/2021,16,276.9777,1.5449,277.5813,28.3408,58.5007,8.1253
3/12/2021,17,191.5456,1.4287,192.0768,28.1608,59.9393,8.1192
3/12/2021,18,113.4496,1.8894,113.5769,27.0150,66.4398,7.4435
3/12/2021,19,16.8465,0.3623,17.1444,25.3080,74.6735,7.1856
3/12/2021,20,-1.0140,-0.2062,-1.5102,24.3987,79.9088,6.7544
3/12/2021,21,-1.0141,-0.1627,-1.4170,23.9692,84.1467,6.4629
3/12/2021,22,-1.0131,-0.1814,-1.2721,23.6668,87.3417,6.7582
3/12/2021,23,-0.9844,-0.2065,-1.2157,23.5135,88.9050,6.8646
3/13/2021,0,-0.9921,-0.2029,-1.2525,23.4968,88.8533,6.8675
3/13/2021,1,-0.9940,-0.2600,-1.2500,23.4798,88.9517,6.2229
3/13/2021,2,-1.0143,-0.3063,-1.5749,23.4202,87.8950,7.3761
3/13/2021,3,-1.0325,-0.2965,-1.6535,23.1677,88.2000,7.2772
3/13/2021,4,-1.0155,-0.3545,-1.5722,22.6018,91.1683,5.8909
3/13/2021,5,-1.0118,-0.2656,-1.3822,22.7017,90.1333,6.4388
3/13/2021,6,-0.9713,-0.2511,-1.1952,22.7000,89.5067,5.9072
3/13/2021,7,1.1531,-0.2951,1.0234,22.6418,89.3317,6.0873
3/13/2021,8,38.6692,-0.0155,42.1199,22.7592,87.7000,5.8139
3/13/2021,9,149.5390,0.6122,163.3115,23.4692,82.2550,6.7029
3/13/2021,10,283.5700,2.2261,263.8347,24.2360,79.6320,6.8627
3/13/2021,11,511.1550,2.7885,257.0642,25.3690,73.0257,8.7166
3/13/2021,12,766.6368,3.7916,294.8895,27.2208,62.2057,9.4108
3/13/2021,13,841.5924,3.3986,254.8903,28.3975,55.7823,9.0735
3/13/2021,14,865.3882,3.5901,283.6972,28.8128,51.3287,10.4607
3/13/2021,15,661.0164,4.6647,285.9035,28.6363,51.6248,9.8300
3/13/2021,16,597.6670,4.2804,215.6541,28.6455,51.9717,9.4767
3/13/2021,17,399.2284,4.7519,157.5028,27.8700,54.9838,9.5712
3/13/2021,18,149.0793,3.5030,95.9475,26.6507,61.0882,9.4788
3/13/2021,19,15.9311,-0.1136,16.8635,25.2658,65.9180,7.4750
3/13/2021,20,-1.6901,-0.3823,-2.4821,23.7623,75.1457,7.1849
3/13/2021,21,-1.2889,-0.3823,-1.9626,22.8188,83.5250,7.1022
3/13/2021,22,-1.4440,-0.3822,-1.9935,22.6505,84.4967,8.4217
3/13/2021,23,-1.4007,-0.3824,-1.8674,22.4118,86.5517,8.7070
3/14/2021,0,-1.0511,-0.3758,-1.6112,22.6755,86.9800,8.1947
3/14/2021,1,-0.9431,-0.2972,-1.2535,23.2393,86.3683,7.1067
3/14/2021,2,-1.0440,-0.3594,-1.5547,23.6128,85.6267,5.9796
3/14/2021,3,-1.0141,-0.3324,-1.6287,23.7483,85.1967,7.5815
3/14/2021,4,-1.2966,-0.3671,-1.8242,23.7235,84.8667,8.0171
3/14/2021,5,-1.0722,-0.3739,-1.7400,23.4842,85.6383,7.4729
3/14/2021,6,-1.3300,-0.3824,-1.8278,22.9143,85.5633,7.3463
3/14/2021,7,2.9606,-0.3824,2.9018,22.4887,86.5700,6.2770
3/14/2021,8,95.6184,1.9890,89.2907,22.7703,84.9100,3.8932
3/14/2021,9,92.7801,0.7794,97.9086,23.5122,81.1555,3.0789
3/14/2021,10,130.9358,0.3878,143.6194,24.1473,79.1850,2.3983
3/14/2021,11,118.6471,0.5768,130.4074,23.0185,78.7602,3.0956
3/14/2021,12,154.8179,0.3837,169.5415,18.6363,81.3208,5.2117
3/14/2021,13,254.1874,0.4835,277.7961,20.5238,71.7137,4.4166
3/14/2021,14,406.2031,1.8689,430.7792,22.1433,64.0263,4.1727
3/14/2021,15,648.7017,4.5449,488.4949,23.4518,52.1890,3.6828
3/14/2021,16,454.3009,4.0302,338.8510,23.8965,45.4013,2.6923
3/14/2021,17,285.4276,3.0488,252.2644,23.7230,46.2227,2.4575
3/14/2021,18,91.0452,0.7770,98.6846,22.8517,49.0098,2.7442
3/14/2021,19,10.6125,0.1482,11.2809,21.8993,51.9875,3.0788
3/14/2021,20,-1.0144,-0.2566,-1.5804,21.1733,57.9120,3.2905
3/14/2021,21,-1.0364,-0.3304,-1.6694,20.5517,53.4902,2.6719
3/14/2021,22,-1.6884,-0.3825,-2.2430,19.8133,55.5652,1.7543
3/14/2021,23,-1.6915,-0.3826,-2.2944,19.0383,61.8738,1.2907
3/15/2021,0,-1.6842,-0.3826,-2.1449,18.0750,72.6202,1.8545
3/15/2021,1,-1.4972,-0.3827,-1.9219,17.6683,79.1158,0.8353
3/15/2021,2,-1.4615,-0.3827,-1.8615,17.4733,82.2867,0.7118
3/15/2021,3,-1.3297,-0.3827,-1.8282,17.1150,84.2050,0.5378
3/15/2021,4,-0.9301,-0.0959,-1.3197,16.7950,84.6450,0.9990
3/15/2021,5,-0.8341,-0.0872,-1.1862,16.4767,85.6367,0.9388
3/15/2021,6,-0.8134,-0.0447,-1.0799,16.6133,84.0683,1.1331
3/15/2021,7,1.4226,0.0230,1.2061,16.0850,77.5117,1.3236
3/15/2021,8,34.8878,0.2919,38.0756,16.3933,77.6700,0.9090
3/15/2021,9,78.1987,0.3825,85.7941,17.0467,77.8760,1.1677
3/15/2021,10,142.6635,0.4657,156.9273,18.2032,78.8223,1.1151
3/15/2021,11,192.6655,0.7468,211.5778,19.9083,77.4533,0.8376
3/15/2021,12,292.7357,1.1299,322.0896,21.5550,75.4767,0.9370
3/15/2021,13,335.2282,1.1476,369.7437,22.8283,76.5917,1.1688
3/15/2021,14,520.6973,3.5549,475.4298,24.3367,75.0050,1.0115
3/15/2021,15,669.5352,4.9413,379.7416,26.7383,67.0267,1.1625
3/15/2021,16,520.8669,3.4618,289.7641,27.6700,63.3083,1.6317
3/15/2021,17,310.9623,3.7812,221.5748,28.0467,62.1683,2.2549
3/15/2021,18,75.6951,0.3933,83.0070,27.5400,65.3217,4.0164
3/15/2021,19,24.9586,-0.0688,27.1695,27.0117,66.8083,4.5856
3/15/2021,20,-1.6895,-0.3821,-2.3493,25.7750,73.1550,4.5936
3/15/2021,21,-1.6900,-0.3822,-2.4803,24.7450,76.9617,4.0947
3/15/2021,22,-1.6903,-0.3823,-2.4823,23.6000,81.3117,4.0956
3/15/2021,23,-1.6906,-0.3824,-2.4748,22.2417,89.5217,3.7752
3/16/2021,0,-1.2959,-0.3410,-1.8892,21.5017,94.2000,2.9698
3/16/2021,1,-0.9274,-0.1566,-1.2118,21.2567,98.2917,3.9966
3/16/2021,2,-0.6947,-0.1375,-1.0851,21.2417,99.8233,3.1216
3/16/2021,3,-0.8115,-0.2390,-1.1430,21.5283,98.4667,3.1384
3/16/2021,4,-0.9758,-0.1649,-1.2330,21.7885,97.3300,2.1440
3/16/2021,5,-1.0692,-0.2271,-1.5295,21.7400,98.9900,2.4529
3/16/2021,6,-0.8553,-0.2837,-1.2581,21.8168,99.9967,2.0028
3/16/2021,7,0.8924,-0.1043,0.5856,21.9535,99.9833,2.2712
3/16/2021,8,38.3807,0.2588,41.8603,22.2710,99.0000,2.7245
3/16/2021,9,51.7942,0.3767,56.6018,22.9310,95.9900,4.2566
3/16/2021,10,265.7249,1.3973,282.4606,23.9640,89.6600,4.7080
3/16/2021,11,138.9579,0.4156,152.4339,24.9325,83.2183,5.5397
3/16/2021,12,160.7446,0.4742,176.5993,25.4275,78.5045,5.0505
3/16/2021,13,304.4296,1.0771,333.6162,25.7947,77.0012,5.4343
3/16/2021,14,474.0174,2.8906,472.5723,26.5948,74.4342,6.1419
3/16/2021,15,401.8654,2.7020,373.4476,26.8292,74.8162,6.4585
3/16/2021,16,364.4695,2.6432,329.7609,27.4510,71.9920,6.7745
3/16/2021,17,344.1096,4.1110,248.4282,28.3813,67.8077,5.4949
3/16/2021,18,157.7079,2.2526,130.8142,28.1598,67.7115,6.1319
3/16/2021,19,15.2225,0.0155,16.0859,26.6733,73.6773,6.1291
3/16/2021,20,-1.3972,-0.3811,-1.9316,25.1852,80.9170,5.5149
3/16/2021,21,-1.3694,-0.3823,-1.8366,24.5007,84.1717,6.6807
3/16/2021,22,-1.3413,-0.3823,-1.8099,24.0697,86.3433,7.2471
3/16/2021,23,-1.0492,-0.3823,-1.7733,23.9950,87.5167,7.1636
3/17/2021,0,-1.2968,-0.3819,-1.8322,23.9297,88.3833,7.1304
3/17/2021,1,-1.6616,-0.3824,-2.0923,23.6663,89.6233,7.2639
3/17/2021,2,-1.2035,-0.3815,-1.8005,23.4580,91.4667,7.6215
3/17/2021,3,-1.0143,-0.3643,-1.6973,23.4952,91.7083,7.5152
3/17/2021,4,-1.0094,-0.2173,-1.3209,23.3863,92.6417,5.2642
3/17/2021,5,-0.9980,-0.2250,-1.3919,23.2217,92.8717,4.9848
3/17/2021,6,-0.9985,-0.3329,-1.3180,23.4522,89.9300,5.3151
3/17/2021,7,2.8806,-0.3420,2.8235,23.5015,89.2833,4.8507
3/17/2021,8,91.0919,1.3461,77.7862,23.6390,88.5350,4.0053
3/17/2021,9,253.4533,3.4192,208.5286,24.4148,85.2400,2.9505
3/17/2021,10,353.9700,2.7866,293.2642,25.4828,79.3570,3.1126
3/17/2021,11,553.3057,3.1922,286.1653,27.3703,63.2252,4.1578
3/17/2021,12,805.2847,2.9486,187.3133,28.6007,31.1493,4.1401
3/17/2021,13,865.7897,2.9167,169.0368,30.5528,19.3538,3.9770
3/17/2021,14,864.4184,2.9757,164.7812,31.9730,11.0848,4.0664
3/17/2021,15,808.8113,3.6600,170.1316,32.6392,8.0536,4.3746
3/17/2021,16,676.6370,3.8274,144.5333,32.6958,7.4300,4.5369
3/17/2021,17,474.5381,3.9505,110.1503,32.6198,6.9039,3.7323
3/17/2021,18,228.6180,5.4875,80.9742,32.0850,6.8725,3.0232
3/17/2021,19,29.5735,1.4450,19.9005,30.2273,7.4553,2.5119
3/17/2021,20,-2.7044,-0.3820,-3.5100,27.4923,8.9338,2.1875
3/17/2021,21,-2.6920,-0.3822,-3.1364,25.2677,11.0618,1.8870
3/17/2021,22,-2.4913,-0.3823,-2.8397,23.4092,13.0297,1.7686
3/17/2021,23,-2.3830,-0.3824,-2.8380,22.7010,14.4712,1.7577
3/18/2021,0,-2.3676,-0.3825,-2.8347,21.5008,18.0370,1.3671
3/18/2021,1,-2.3226,-0.3826,-2.7400,19.8912,24.3632,1.2908
3/18/2021,2,-2.0666,-0.3826,-2.5537,19.0543,26.7272,1.3956
3/18/2021,3,-2.0836,-0.3827,-2.5587,18.1583,30.3973,1.3045
3/18/2021,4,-2.1287,-0.3828,-2.5338,17.3345,33.7917,1.8260
3/18/2021,5,-2.0707,-0.3828,-2.5238,16.2125,37.6278,1.7590
3/18/2021,6,-2.1415,-0.3829,-2.5370,15.1490,40.1230,1.6493
3/18/2021,7,5.5082,-0.3255,4.7991,13.9883,43.5050,2.0637
3/18/2021,8,142.6745,5.2765,68.3000,13.9793,43.9998,2.0016
3/18/2021,9,378.3345,4.0388,114.6108,15.4205,39.4792,2.7006
3/18/2021,10,594.5595,3.0492,113.6717,17.4600,33.5452,3.1348
3/18/2021,11,758.0371,2.9684,126.1135,18.9875,30.4263,3.1679
3/18/2021,12,836.2049,2.4657,125.3306,20.4393,26.7098,3.2163
3/18/2021,13,879.1574,1.9982,121.8834,22.2170,22.6278,3.1849
3/18/2021,14,855.5390,2.1827,122.0597,24.0802,19.6612,2.8238
3/18/2021,15,793.2142,2.3516,117.9208,25.5038,16.6757,3.0500
3/18/2021,16,653.7403,2.8892,120.3970,26.3343,16.0753,2.8885
3/18/2021,17,436.2554,3.3215,112.5351,26.7440,15.3560,2.0974
3/18/2021,18,223.8536,4.0872,72.3802,26.6527,15.2240,1.6701
3/18/2021,19,26.6109,0.9567,16.5324,25.3690,16.6673,1.6535
3/18/2021,20,-2.5859,-0.3818,-2.9021,22.6847,26.3287,2.6438
3/18/2021,21,-2.3673,-0.3824,-2.8380,19.9980,39.2473,2.8721
3/18/2021,22,-2.3651,-0.3826,-2.8041,18.5430,44.9057,2.5554
3/18/2021,23,-2.1890,-0.3827,-2.5970,17.3187,49.5847,1.9621
3/19/2021,0,-1.8384,-0.4251,-2.4924,16.4680,53.6283,1.5460
3/19/2021,1,-1.7833,-0.6406,-2.4943,16.0303,55.4367,1.2579
3/19/2021,2,-1.8079,-0.5675,-2.4953,15.4727,58.0573,1.3294
3/19/2021,3,-1.8202,-0.3835,-2.4779,13.9267,63.7893,0.8747
3/19/2021,4,-1.6937,-0.3830,-2.3805,12.2770,67.5780,1.5017
3/19/2021,5,-1.6826,-0.3830,-2.2082,11.5507,61.3747,1.3956
3/19/2021,6,-1.6429,-0.3831,-2.0191,10.9770,61.1945,1.3319
3/19/2021,7,6.7898,-0.2925,5.7055,10.6925,69.2092,1.3345
3/19/2021,8,143.2129,4.1751,66.3675,11.7748,68.4137,1.2388
3/19/2021,9,374.1019,3.5960,113.0909,14.6437,56.2585,1.8802
3/19/2021,10,584.2360,2.9424,121.6782,17.0487,46.0157,3.8609
3/19/2021,11,748.1312,2.7224,132.1089,18.5937,36.1083,3.9618
3/19/2021,12,820.0531,2.7377,145.9449,20.2467,29.6372,2.9719
3/19/2021,13,858.8268,2.7498,154.4785,21.8320,25.4715,2.3604
3/19/2021,14,836.6693,2.8631,151.2021,23.1760,22.3827,1.8315
3/19/2021,15,769.4605,3.2010,150.7557,23.9373,20.5608,2.1867
3/19/2021,16,616.9459,3.2851,159.8207,24.8057,18.9725,1.9386
3/19/2021,17,409.8520,3.6725,140.8087,24.8345,18.6580,2.3269
3/19/2021,18,204.6755,4.4900,88.9001,23.4363,28.1705,3.7759
3/19/2021,19,30.5772,1.1234,21.6462,20.8395,38.0242,4.1248
3/19/2021,20,-2.3661,-0.3825,-2.6897,18.9100,44.6028,3.6117
3/19/2021,21,-2.2394,-0.3826,-2.5516,16.9763,48.7825,3.6761
3/19/2021,22,-1.9846,-0.3827,-2.4887,15.6862,52.2022,2.3597
3/19/2021,23,-1.7974,-0.3828,-2.4925,14.8698,56.4417,1.5179
3/20/2021,0,-1.7468,-0.3829,-2.4557,14.2313,60.1292,1.1909
3/20/2021,1,-1.6763,-0.4812,-2.3459,14.0622,62.9458,0.6660
3/20/2021,2,-1.6931,-0.4521,-2.4493,13.7093,66.3590,1.6330
3/20/2021,3,-1.6934,-0.3849,-2.3915,13.1187,70.7973,1.5212
3/20/2021,4,-1.6934,-0.3885,-2.3477,12.5387,73.8090,1.4713
3/20/2021,5,-1.6936,-0.3830,-2.3097,11.8582,75.8573,1.2634
3/20/2021,6,-1.6879,-0.3831,-2.1292,11.0702,76.9208,1.2751
3/20/2021,7,7.2319,-0.2548,5.6567,9.5210,79.0053,1.5310
3/20/2021,8,149.1718,3.0131,61.3983,9.6497,75.3102,1.4203
3/20/2021,9,373.7329,3.0642,108.3272,13.2897,66.9405,1.0179
3/20/2021,10,583.5856,2.8954,113.9614,17.1040,58.8280,0.9789
3/20/2021,11,746.7841,2.5560,119.3345,18.7008,53.5518,1.8108
3/20/2021,12,823.0122,2.1671,122.3420,20.3225,45.8537,2.0367
3/20/2021,13,866.1989,2.0855,123.7361,21.6645,39.4382,2.2010
3/20/2021,14,838.0922,2.1781,124.8367,22.7128,37.2268,2.3466
3/20/2021,15,771.2299,2.4626,124.7177,23.6397,34.3847,2.3851
3/20/2021,16,636.9529,3.1028,120.3761,24.6915,30.8860,2.0114
3/20/2021,17,438.1208,3.6656,111.7717,24.6133,32.6105,2.8494
3/20/2021,18,209.5553,4.2136,84.7763,22.8538,45.6298,4.9639
3/20/2021,19,29.6028,1.0205,21.3903,20.2605,55.8928,4.8189
3/20/2021,20,-1.8967,-0.3825,-2.4836,18.0458,63.9302,4.0204
3/20/2021,21,-1.7008,-0.3826,-2.4845,17.0048,69.7337,3.8806
3/20/2021,22,-1.6963,-0.3827,-2.4851,16.3687,73.8727,2.7585
3/20/2021,23,-1.6925,-0.3828,-2.4855,15.8742,76.6643,2.5485
3/21/2021,0,-1.6926,-0.3828,-2.4776,15.3025,79.0658,2.3136
3/21/2021,1,-1.6928,-0.3829,-2.4712,14.9458,81.0783,2.1523
3/21/2021,2,-1.6928,-0.3829,-2.4124,14.3608,83.1567,1.9607
3/21/2021,3,-1.6538,-0.3829,-2.2579,14.0657,84.1650,2.4287
3/21/2021,4,-1.6929,-0.3829,-2.3609,13.7180,84.9717,2.1124
3/21/2021,5,-1.6931,-0.3829,-2.2146,12.9267,87.3933,1.5564
3/21/2021,6,-1.6301,-0.3830,-1.9328,12.2990,88.3433,1.8042
3/21/2021,7,7.8651,-0.2387,6.7092,12.1323,88.0567,1.9829
3/21/2021,8,142.3039,3.4651,68.8188,13.1208,85.0517,2.0972
3/21/2021,9,363.8427,3.2325,123.4752,16.3767,75.3357,3.1537
3/21/2021,10,567.6185,2.9176,139.6476,19.0758,66.6003,4.5530
3/21/2021,11,709.3975,3.1111,248.0515,20.9300,60.4018,5.1887
3/21/2021,12,721.9239,3.9349,277.8064,22.4730,54.1432,4.9843
3/21/2021,13,761.1864,4.0313,328.5423,23.8293,50.0265,4.6335
3/21/2021,14,655.5224,4.4094,385.0057,24.6055,48.2580,4.9420
3/21/2021,15,549.0317,3.5488,398.8619,25.1528,47.2362,4.5000
3/21/2021,16,405.8700,3.4129,358.4094,24.9107,49.3838,5.6106
3/21/2021,17,345.5645,4.3390,223.4840,24.6010,51.4688,6.0488
3/21/2021,18,166.5132,3.4929,116.5316,23.8765,53.1630,6.5936
3/21/2021,19,29.0755,0.3629,23.5072,22.4217,58.1442,5.9771
3/21/2021,20,-1.7461,-0.3824,-2.4792,20.8067,64.9318,6.4311
3/21/2021,21,-1.6948,-0.3825,-2.4221,19.9350,69.0977,5.3168
3/21/2021,22,-1.6915,-0.3826,-2.4834,18.9500,74.2848,4.6792
3/21/2021,23,-1.6917,-0.3826,-2.3726,18.3293,78.8093,4.2865
3/22/2021,0,-1.6919,-0.3827,-2.3068,18.3230,78.3995,5.1556
3/22/2021,1,-1.6808,-0.3827,-2.2848,18.5867,77.8193,6.3525
3/22/2021,2,-1.5511,-0.3825,-2.1276,18.4493,79.2398,6.0385
3/22/2021,3,-1.4712,-0.3682,-2.0684,18.3407,80.8738,5.9856
3/22/2021,4,-1.2672,-0.3214,-1.8164,18.6490,80.5400,5.5486
3/22/2021,5,-1.4054,-0.3778,-1.9748,18.4473,82.2283,6.0804
3/22/2021,6,-1.2988,-0.3429,-1.7340,18.1170,84.6367,4.4957
3/22/2021,7,7.4161,-0.2517,6.8487,18.1187,85.8667,4.4521
3/22/2021,8,139.2721,3.6207,73.8872,18.9500,83.8483,5.1955
3/22/2021,9,332.4247,4.1025,168.5084,20.6630,77.7747,7.0034
3/22/2021,10,249.6336,1.8724,244.6484,22.1757,71.9657,8.4943
3/22/2021,11,206.8608,0.7395,219.6144,23.2793,67.9830,7.6752
3/22/2021,12,436.9716,2.1819,410.0289,24.1080,66.0870,8.8582
3/22/2021,13,453.2262,2.5926,448.4800,25.2420,61.5150,8.9849
3/22/2021,14,737.6060,4.9244,443.0764,26.2613,59.3367,10.0215
3/22/2021,15,564.4564,4.5234,377.6388,26.4607,58.9830,9.5087
3/22/2021,16,579.2345,4.9125,303.4430,26.4093,59.1630,10.1923
3/22/2021,17,414.4499,5.1362,174.8124,25.9463,60.1433,9.9890
3/22/2021,18,179.1898,4.7504,103.4817,24.9077,63.8613,9.2816
3/22/2021,19,19.9634,0.3282,20.9052,23.7010,68.6957,8.5726
3/22/2021,20,-1.6065,-0.3823,-2.3157,22.8003,72.5183,8.6586
3/22/2021,21,-1.1037,-0.3592,-1.7903,22.3230,78.2450,6.7383
3/22/2021,22,-1.0167,-0.3008,-1.6394,22.1553,81.4467,6.2469
3/22/2021,23,-1.5379,-0.3824,-2.0584,21.7867,84.1383,6.5314
3/23/2021,0,-1.5278,-0.3825,-1.9326,21.3987,86.6567,7.3248
3/23/2021,1,-1.3170,-0.3825,-1.8110,21.3133,87.8450,5.8848
3/23/2021,2,-1.3452,-0.3825,-1.8567,21.2360,89.4233,5.4648
3/23/2021,3,-1.1541,-0.3119,-1.6385,21.1583,90.8200,2.8925
3/23/2021,4,-1.0297,-0.3251,-1.6220,21.1483,91.9817,2.9418
3/23/2021,5,-0.9739,-0.2495,-1.4947,20.9557,93.2350,2.3701
3/23/2021,6,-0.8176,-0.0586,-1.0724,20.8770,93.5333,1.0894
3/23/2021,7,-0.3623,-0.1392,-0.6851,21.2113,92.8817,1.0171
3/23/2021,8,17.9246,-0.3636,19.1232,20.8380,96.7283,1.4688
3/23/2021,9,60.4512,0.1377,66.1531,20.3953,98.1283,2.2902
3/23/2021,10,223.9431,0.5489,245.8862,21.0463,95.6900,1.9978
3/23/2021,11,560.1805,3.7614,424.8146,23.0912,83.9748,2.0475
3/23/2021,12,776.9834,4.4932,449.7881,25.3707,71.3397,3.2716
3/23/2021,13,635.4683,4.0644,425.1582,27.0093,61.9363,2.9496
3/23/2021,14,691.3757,4.4846,359.7937,28.5390,52.7022,2.7232
3/23/2021,15,691.3046,4.4109,320.9359,29.7755,44.6162,2.7811
3/23/2021,16,569.3161,4.8686,261.1957,30.6903,39.2175,3.0244
3/23/2021,17,388.3819,4.6635,193.7769,30.5857,42.3787,3.7313
3/23/2021,18,86.9248,1.5456,81.2244,28.4352,52.7767,5.1604
3/23/2021,19,23.5559,-0.0215,25.0973,26.4558,59.1918,3.8429
3/23/2021,20,-1.6998,-0.3822,-2.4806,25.0767,68.6425,3.4406
3/23/2021,21,-1.6902,-0.3823,-2.4808,23.8667,76.5268,3.8643
3/23/2021,22,-1.6904,-0.3823,-2.1369,22.8575,82.7267,3.5570
3/23/2021,23,-1.6857,-0.3824,-2.0543,22.2058,86.8267,2.4133
3/24/2021,0,-1.6861,-0.3824,-2.2078,21.5433,90.4683,2.3405
3/24/2021,1,-1.1296,-0.2410,-1.5315,20.9667,94.3083,3.2510
3/24/2021,2,-0.9070,-0.1130,-1.2686,20.9033,97.4717,3.5828
3/24/2021,3,-0.9944,-0.1898,-1.4599,20.8642,97.4450,2.6569
3/24/2021,4,-0.9607,-0.1515,-1.3768,20.7483,97.4083,2.6134
3/24/2021,5,-0.9401,-0.0147,-1.2345,20.4825,99.2167,2.8664
3/24/2021,6,-0.7995,-0.0172,-1.1125,20.2733,100.0000,1.9542
3/24/2021,7,1.0183,-0.0729,0.7620,20.3167,100.0000,1.3225
3/24/2021,8,18.9071,0.0801,20.2952,20.5283,100.0000,1.3710
3/24/2021,9,71.6515,0.3357,78.4789,20.8967,100.0000,1.2873
3/24/2021,10,131.1333,0.5898,141.8259,21.5233,99.4417,1.6103
3/24/2021,11,428.7421,3.0600,424.3684,23.0442,90.8333,1.9767
3/24/2021,12,537.9111,3.8018,506.6467,24.9758,78.1208,2.9937
3/24/2021,13,716.1336,4.3946,493.6265,26.2975,70.2467,3.1927
3/24/2021,14,681.9090,5.1028,476.1622,27.7075,63.5513,3.1577
3/24/2021,15,489.4625,3.4312,457.9460,28.2493,61.0028,3.2901
3/24/2021,16,433.3982,3.8778,381.3601,28.8637,57.2725,3.4314
3/24/2021,17,298.0617,3.4802,246.2403,29.4552,53.7318,3.2784
3/24/2021,18,150.7709,2.1012,135.5731,29.1042,58.1410,4.2810
3/24/2021,19,26.5365,0.1244,28.2522,27.0148,70.3605,5.0617
3/24/2021,20,-1.8489,-0.3817,-2.4782,25.1053,77.6332,4.0536
3/24/2021,21,-1.6880,-0.3818,-2.4729,24.0178,80.8202,4.1829
3/24/2021,22,-1.3878,-0.3812,-2.0211,23.1473,85.5950,5.5028
3/24/2021,23,-0.9716,-0.1950,-1.3895,22.7833,86.7300,6.3701
3/25/2021,0,-1.0627,-0.1977,-1.5829,22.6965,85.8333,6.1263
3/25/2021,1,-1.4260,-0.3794,-1.9711,22.4777,86.7883,3.2839
3/25/2021,2,-1.1046,-0.2650,-1.6517,22.3012,89.1000,2.1916
3/25/2021,3,-0.9995,-0.2071,-1.5545,22.4412,90.1217,2.3853
3/25/2021,4,-1.4592,-0.3817,-2.0194,22.2792,91.4167,2.8616
3/25/2021,5,-1.4860,-0.3820,-1.9914,21.8577,93.3067,2.6524
3/25/2021,6,-1.3223,-0.3011,-1.8067,21.5937,94.2717,3.0353
3/25/2021,7,4.0870,-0.3531,4.2077,21.3255,78.8448,3.4405
3/25/2021,8,84.1182,0.2089,88.9458,20.4482,57.9363,4.7407
3/25/2021,9,207.7836,1.4693,213.8964,20.3008,63.9887,5.0424
3/25/2021,10,357.5636,2.6509,317.3868,22.4607,44.1732,4.1946
3/25/2021,11,602.6871,3.9201,400.2302,23.9983,32.8527,3.8605
3/25/2021,12,740.1783,4.5208,410.3158,25.4243,28.1927,3.1986
3/25/2021,13,770.3221,4.2057,310.6045,26.8333,24.5318,2.9346
3/25/2021,14,846.8986,3.7125,249.8580,28.6265,20.2028,3.1798
3/25/2021,15,773.3430,3.4455,173.5864,29.4868,17.5143,3.2946
3/25/2021,16,482.0286,3.7338,337.6670,29.8335,16.2562,2.3853
3/25/2021,17,419.0929,4.4451,174.2412,29.8687,17.6238,2.5806
3/25/2021,18,221.1368,3.8146,111.2910,26.2138,35.3980,5.6727
3/25/2021,19,34.8448,1.0607,24.6080,24.6932,37.7213,4.3780
3/25/2021,20,-2.3481,-0.3818,-2.7380,23.0303,40.6747,3.5798
3/25/2021,21,-2.2726,-0.3819,-2.6384,21.7767,45.5312,3.3445
3/25/2021,22,-2.3537,-0.3820,-2.7302,20.6065,51.5323,3.5237
3/25/2021,23,-2.2271,-0.3821,-2.6325,19.4773,57.7593,2.8603
3/26/2021,0,-1.9421,-0.3822,-2.4995,18.4633,62.4085,2.5862
3/26/2021,1,-1.6969,-0.3822,-2.4818,17.8413,64.5538,2.0493
3/26/2021,2,-1.6905,-0.3823,-2.4819,17.4097,63.8158,2.1637
3/26/2021,3,-1.6904,-0.4150,-2.4651,17.1312,63.9958,1.2112
3/26/2021,4,-1.6955,-0.3823,-2.4250,16.6948,66.6532,0.8667
3/26/2021,5,-1.7750,-0.3824,-2.3769,15.8312,71.0273,1.1289
3/26/2021,6,-1.6257,-0.3824,-2.1560,14.1982,78.6960,1.4332
3/26/2021,7,9.8202,-0.2864,9.7923,13.2447,81.0878,1.7051
3/26/2021,8,114.0232,3.1301,94.3776,14.0907,80.0772,1.8294
3/26/2021,9,135.8654,0.4916,148.4260,16.3490,86.6133,1.4970
3/26/2021,10,320.6610,2.2615,349.3561,19.7120,81.9038,0.4952
3/26/2021,11,184.2533,0.4509,202.4939,20.5005,82.5433,1.9733
3/26/2021,12,533.6924,3.8998,529.1079,21.6680,79.6213,2.3861
3/26/2021,13,670.7917,5.0606,546.3084,24.2490,71.4612,3.0522
3/26/2021,14,749.6049,4.5920,356.4935,26.0133,65.4780,3.9430
3/26/2021,15,699.8367,3.8171,268.3272,27.2490,60.1250,3.5531
3/26/2021,16,607.3600,3.5286,169.1005,28.2907,55.4297,3.4903
3/26/2021,17,394.1712,4.0097,157.2545,28.9377,53.9170,2.7448
3/26/2021,18,209.8400,3.7247,138.9794,29.1213,53.8450,3.1932
3/26/2021,19,34.2991,0.7260,33.9985,27.6263,63.8173,4.3915
3/26/2021,20,-1.7799,-0.3615,-2.4756,24.6083,80.3780,3.9232
3/26/2021,21,-1.6880,-0.3818,-2.4769,23.7803,83.2333,3.1816
3/26/2021,22,-1.6883,-0.3819,-2.4671,22.8293,87.9733,3.6393
3/26/2021,23,-1.3041,-0.3717,-1.9079,21.9637,93.3150,3.8690
3/27/2021,0,-1.0078,-0.1903,-1.3020,22.2000,91.8817,3.6069
3/27/2021,1,-1.0275,-0.3066,-1.6844,21.9740,93.3500,3.6657
3/27/2021,2,-1.1406,-0.3662,-1.6496,22.3190,93.3500,3.8253
3/27/2021,3,-1.3569,-0.3796,-1.9662,22.5407,93.6833,4.9353
3/27/2021,4,-1.3254,-0.3817,-1.9603,22.3360,95.2317,4.3062
3/27/2021,5,-1.0768,-0.3098,-1.6287,22.3057,95.6983,3.4675
3/27/2021,6,-1.3459,-0.3817,-1.8547,22.4383,94.8167,4.7323
3/27/2021,7,3.6276,-0.2487,3.5646,22.7317,94.3617,4.3390
3/27/2021,8,54.9682,0.4617,59.9324,23.3065,91.5200,4.2706
3/27/2021,9,217.4707,2.3121,190.5266,24.0380,83.6732,5.2965
3/27/2021,10,532.4855,3.9792,233.6138,25.6160,75.1503,5.5213
3/27/2021,11,717.7422,3.0106,189.2314,27.1605,66.1175,6.6083
3/27/2021,12,814.7573,2.8144,184.8057,29.4338,56.4587,6.3543
3/27/2021,13,766.6912,3.5671,293.4107,31.2833,50.8473,6.5065
3/27/2021,14,633.7840,4.2237,416.1304,32.3440,48.9730,6.0830
3/27/2021,15,633.4886,4.3607,389.0939,32.6187,51.9102,6.6250
3/27/2021,16,432.9673,3.6995,352.1817,32.1265,52.5717,7.0829
3/27/2021,17,172.4612,0.6660,189.2439,30.5883,56.8232,7.2125
3/27/2021,18,90.0644,0.3801,98.7519,29.0297,61.5352,7.6075
3/27/2021,19,17.2086,-0.1738,18.3213,27.6773,70.5602,7.4918
3/27/2021,20,-1.6871,-0.3816,-2.3641,26.2947,78.6443,6.3726
3/27/2021,21,-1.5958,-0.3817,-2.0479,25.4960,83.8367,6.1635
3/27/2021,22,-1.1302,-0.3803,-1.7540,25.3035,84.7050,5.9619
3/27/2021,23,-1.0129,-0.3617,-1.7124,25.2272,85.3300,6.4961
3/28/2021,0,-1.0129,-0.3561,-1.7082,24.9485,86.4733,6.1819
3/28/2021,1,-1.0093,-0.3044,-1.4556,24.9000,86.0617,5.6186
3/28/2021,2,-1.0129,-0.2908,-1.4961,24.6755,87.6600,5.0722
3/28/2021,3,-1.0129,-0.3228,-1.5620,24.5618,87.7650,3.3532
3/28/2021,4,-1.0140,-0.3782,-1.7635,24.4253,88.8633,2.6119
3/28/2021,5,-1.0129,-0.3301,-1.4143,24.2085,90.2317,2.4928
3/28/2021,6,-1.0073,-0.3053,-1.1259,24.1652,90.5500,2.5707
3/28/2021,7,0.4911,-0.3167,0.3019,24.0218,91.0950,3.0118
3/28/2021,8,14.8983,0.0603,15.9904,23.7273,92.8617,3.2378
3/28/2021,9,50.2043,0.2183,54.4230,23.0998,95.3350,2.9016
3/28/2021,10,124.0821,0.4356,135.9204,18.3680,93.9250,4.5656
3/28/2021,11,148.7894,0.3855,163.3151,18.0123,78.5625,5.5417
3/28/2021,12,108.6914,0.3821,119.1117,18.8537,66.0027,4.3710
3/28/2021,13,100.3354,0.3821,109.9158,19.9067,56.1533,3.2878
3/28/2021,14,85.3353,0.3821,93.7006,20.5263,44.7157,3.9876
3/28/2021,15,51.6159,0.3810,56.1838,20.3202,36.8952,3.7034
3/28/2021,16,60.1882,0.3795,65.9208,20.3322,36.3103,2.8538
3/28/2021,17,105.5915,0.3804,116.2269,20.2243,36.4792,2.6806
3/28/2021,18,47.0755,0.2392,51.5527,20.2908,34.2273,2.6954
3/28/2021,19,2.6057,-0.1777,2.4492,19.6932,36.9867,2.6735
3/28/2021,20,-1.0137,-0.2690,-1.7562,18.5675,44.9822,3.1640
3/28/2021,21,-1.0138,-0.2429,-1.7059,17.9795,44.9552,3.0867
3/28/2021,22,-1.0139,-0.2495,-1.7133,17.1483,48.6248,2.5463
3/28/2021,23,-1.0140,-0.2502,-1.6042,16.5105,56.7730,2.3395
3/29/2021,0,-1.0141,-0.1132,-1.4946,16.0938,61.1638,2.3620
3/29/2021,1,-1.0137,-0.1735,-1.4473,16.0415,58.9383,1.9999
3/29/2021,2,-1.0000,-0.1797,-1.4515,16.0932,55.4925,2.1912
3/29/2021,3,-1.0133,-0.1264,-1.4438,16.1352,52.7495,2.3264
3/29/2021,4,-2.5326,-1.1230,-3.1244,15.6417,57.2385,2.2827
3/29/2021,5,-0.7458,-0.3877,-1.1825,15.2083,61.1263,2.3492
3/29/2021,6,-0.7619,-0.0622,-1.1055,15.1350,62.2962,1.7815
3/29/2021,7,3.6671,-0.0028,3.7468,15.5467,60.7233,1.2253
3/29/2021,8,37.7839,0.1714,41.2813,15.6417,60.5412,1.4858
3/29/2021,9,88.9412,0.3821,97.4879,16.1367,63.4855,1.4562
3/29/2021,10,168.6150,0.4290,185.3978,16.7598,63.6777,2.3516
3/29/2021,11,274.7266,0.8406,302.0617,17.7562,62.1248,2.4757
3/29/2021,12,207.3421,0.5400,227.9513,16.8438,77.0280,3.2762
3/29/2021,13,202.1495,0.5340,222.3849,16.0213,89.3800,2.2387
3/29/2021,14,251.9986,0.6073,276.7975,16.4232,89.1350,2.8450
3/29/2021,15,239.7103,0.7887,263.8519,17.2048,87.2250,2.9309
3/29/2021,16,167.9110,0.5656,184.8735,17.6268,85.3133,2.6910
3/29/2021,17,153.0722,0.5965,168.3954,18.4097,79.3483,3.2905
3/29/2021,18,32.4299,0.3624,35.3969,18.2017,80.5367,2.7579
3/29/2021,19,6.3533,0.0879,6.5693,18.1033,82.4200,1.9071
3/29/2021,20,-1.0118,-0.0282,-1.3597,18.1867,86.4883,2.5301
3/29/2021,21,-1.0037,-0.0276,-1.3012,17.9150,87.4967,2.1481
3/29/2021,22,-1.0143,-0.0488,-1.4102,17.5200,92.6900,2.0955
3/29/2021,23,-0.9317,-0.0450,-1.3489,17.0750,97.7500,1.2979
3/30/2021,0,-0.8823,-0.0928,-1.2985,17.0150,99.6467,1.1810
3/30/2021,1,-0.7636,-0.0049,-1.1471,17.1000,100.0000,1.2176
3/30/2021,2,-0.8395,0.0193,-1.4045,17.2750,100.0000,0.4318
3/30/2021,3,-0.9010,-0.0081,-1.3661,17.4617,100.0000,0.4548
3/30/2021,4,-0.7501,-0.0342,-1.1937,17.7183,100.0000,1.1571
3/30/2021,5,-0.4923,-0.0285,-1.0750,18.3350,100.0000,2.8251
3/30/2021,6,-0.6864,0.0083,-1.0635,18.6400,100.0000,5.3216
3/30/2021,7,8.9991,0.0342,9.5587,18.5183,100.0000,5.3302
3/30/2021,8,56.8018,0.3711,62.2556,18.5350,99.0333,3.8627
3/30/2021,9,76.5269,0.3821,83.9413,18.8133,95.6417,4.0020
3/30/2021,10,135.2823,0.3836,148.4680,19.6267,92.1583,5.0118
3/30/2021,11,421.6996,2.6390,408.1688,21.3323,85.0877,4.7601
3/30/2021,12,547.5022,3.6088,479.1138,24.6230,74.3118,5.5542
3/30/2021,13,912.3493,3.3779,258.6387,27.5258,62.2472,7.8124
3/30/2021,14,862.1490,3.4093,193.2231,28.9013,56.8327,7.8514
3/30/2021,15,766.4577,3.4118,183.3085,29.5163,55.1132,8.5631
3/30/2021,16,620.8459,3.7513,164.9064,29.4387,55.3458,8.1350
3/30/2021,17,425.4377,3.8655,138.1727,29.5295,54.0340,7.6876
3/30/2021,18,214.0092,3.8921,94.7836,28.5532,57.6602,8.9499
3/30/2021,19,33.9915,0.9802,26.0294,26.8250,65.7395,8.0717
3/30/2021,20,-1.6834,-0.3817,-2.4508,25.4317,73.5127,6.7221
3/30/2021,21,-1.6880,-0.3818,-2.4178,24.2565,81.2928,6.5511
3/30/2021,22,-1.6416,-0.3819,-2.2279,23.6067,87.2350,6.3876
3/30/2021,23,-1.1956,-0.3819,-1.8071,23.3867,90.8117,6.8007
3/31/2021,0,-1.0140,-0.3732,-1.7471,23.3068,91.6483,7.0429
3/31/2021,1,-1.2772,-0.3815,-1.8552,23.3297,90.4800,7.2032
3/31/2021,2,-1.5661,-0.3819,-2.1254,23.2417,90.7017,7.4794
3/31/2021,3,-1.3371,-0.3819,-1.9027,23.0680,91.8600,6.5167
3/31/2021,4,-1.0997,-0.3815,-1.7976,22.9683,92.4250,5.9405
3/31/2021,5,-1.0130,-0.3263,-1.6474,23.0000,91.7550,4.7149
3/31/2021,6,-1.1864,-0.3802,-1.7714,22.9230,91.6683,3.9953
3/31/2021,7,12.1699,-0.3459,13.0837,22.7600,92.1883,4.3407
3/31/2021,8,93.8698,0.4806,100.3544,22.9193,90.9567,5.0415
3/31/2021,9,236.8147,1.4741,224.8760,23.5347,88.1250,4.5168
3/31/2021,10,507.5639,3.9387,355.8486,24.6597,82.3793,4.7004
3/31/2021,11,655.4718,4.3258,349.5409,26.5293,73.4937,4.7784
3/31/2021,12,677.5916,4.1741,429.9761,27.9527,67.1273,4.3285
3/31/2021,13,504.6137,2.8658,465.9309,28.9010,64.1575,2.3238
3/31/2021,14,525.8755,3.1357,461.8072,29.8462,60.0267,1.5396
3/31/2021,15,432.0492,3.3687,392.6465,30.5392,56.4322,1.4191
3/31/2021,16,520.2074,4.8490,385.2035,31.6397,50.6743,1.4781
3/31/2021,17,323.5349,4.0142,261.2506,31.7983,48.7908,1.4992
3/31/2021,18,29.9083,0.3945,33.0085,27.0560,67.1988,3.8693
3/31/2021,19,5.5624,0.1598,5.7533,24.2555,69.6058,5.1779
3/31/2021,20,-2.3786,-0.5021,-3.0031,22.3553,77.1057,4.8026
3/31/2021,21,-0.5722,-0.3370,-0.8695,21.4272,70.1450,4.2330
3/31/2021,22,-1.0083,-0.0210,-1.2973,20.5448,68.7265,4.3643
3/31/2021,23,-0.9213,-0.1265,-1.2248,19.9037,69.8223,3.6847
4/1/2021,0,-1.3535,-0.3290,-1.7230,20.0433,67.8422,3.3639
4/1/2021,1,-0.8106,-0.4074,-1.8087,18.6722,86.5950,4.0027
4/1/2021,2,-0.7326,-0.3822,-1.3180,18.5672,85.4633,3.4794
4/1/2021,3,-1.3064,-0.2232,-1.7791,18.7615,83.0103,3.5536
4/1/2021,4,-1.9460,-0.4149,-2.6290,17.6220,80.0917,4.2076
4/1/2021,5,-0.9568,-0.3400,-1.4163,17.3075,67.7147,3.9305
4/1/2021,6,-1.0135,-0.0911,-1.3005,17.1092,63.8237,4.0120
4/1/2021,7,0.6277,-0.2884,0.4658,16.2637,64.2230,3.4010
4/1/2021,8,18.1790,-0.1113,19.6591,15.0915,62.2057,2.7058
4/1/2021,9,51.8560,-0.0019,56.7426,14.9440,63.6433,3.3623
4/1/2021,10,104.0037,0.3824,113.7244,15.9272,55.0675,3.3012
4/1/2021,11,135.5920,0.3823,148.3668,16.6947,51.7633,2.6195
4/1/2021,12,173.8394,0.3965,190.2815,17.9763,52.9245,2.7466
4/1/2021,13,250.4783,0.6382,274.3968,18.6608,52.1652,3.6726
4/1/2021,14,190.5632,0.5789,209.1176,18.8732,51.0843,3.5126
4/1/2021,15,140.0109,0.3821,153.6690,18.7632,51.1732,3.4307
4/1/2021,16,167.2785,0.5029,184.0695,18.6432,51.5618,4.0637
4/1/2021,17,147.3918,0.4110,162.2751,18.6518,51.1702,4.0235
4/1/2021,18,78.8419,0.3821,86.6459,18.5898,51.3585,3.7388
4/1/2021,19,8.9611,-0.0308,9.5292,18.3392,51.6655,3.4424
4/1/2021,20,-1.0138,-0.2115,-1.6126,17.8728,54.2438,3.3147
4/1/2021,21,-1.0139,-0.2450,-1.6010,17.4575,56.8833,3.0938
4/1/2021,22,-1.0140,-0.2400,-1.5929,17.1727,58.3922,2.4724
4/1/2021,23,-1.0141,-0.3158,-1.6744,16.9543,60.3288,1.6111
4/2/2021,0,-1.1611,-0.3767,-1.7717,16.7273,62.1257,1.0604
4/2/2021,1,-1.3185,-0.3821,-1.9162,16.4520,64.3930,1.1627
4/2/2021,2,-1.6904,-0.3823,-2.3824,15.8177,67.4585,1.6316
4/2/2021,3,-1.6170,-0.3824,-2.1537,15.2247,71.0258,1.4766
4/2/2021,4,-1.4421,-0.3824,-1.8746,14.9167,73.3398,1.5771
4/2/2021,5,-1.6401,-0.3824,-2.0535,14.8627,73.6660,0.9531
4/2/2021,6,-1.4371,-0.3824,-1.8600,14.4807,76.1397,1.2366
4/2/2021,7,14.6306,-0.1528,15.7576,14.6643,76.1668,0.8884
4/2/2021,8,74.6612,0.3212,81.5585,15.9200,71.7188,0.9789
4/2/2021,9,202.0121,1.0449,218.7364,17.4493,64.7262,1.7195
4/2/2021,10,419.1702,3.6859,431.9543,18.7040,59.3637,2.9483
4/2/2021,11,541.2559,5.1957,544.0929,19.5822,57.1190,3.7424
4/2/2021,12,636.8698,5.8500,600.7566,20.3913,55.5367,4.0370
4/2/2021,13,578.6775,4.6912,478.3890,21.0537,53.1387,4.0866
4/2/2021,14,614.0571,3.6401,383.8269,21.6230,50.2007,4.6925
4/2/2021,15,498.9564,4.1170,431.2971,21.8480,48.9537,4.7111
4/2/2021,16,331.0776,1.9676,359.2108,21.8633,47.8877,4.4384
4/2/2021,17,247.9722,1.2734,273.1870,21.6330,48.2933,4.6079
4/2/2021,18,126.7064,0.8047,140.4084,21.3203,49.9880,4.7306
4/2/2021,19,20.2475,0.0747,21.9471,20.3970,55.4600,5.5165
4/2/2021,20,-1.5771,-0.3468,-2.1381,19.2303,63.1577,4.4183
4/2/2021,21,-1.6895,-0.3821,-2.4787,18.0590,71.4327,3.5343
4/2/2021,22,-1.6898,-0.3822,-2.4391,17.4277,75.1860,2.9597
4/2/2021,23,-1.4779,-0.3820,-1.9273,16.9177,77.2793,2.7839
4/3/2021,0,-1.6828,-0.3823,-2.1192,16.6213,78.7633,3.2313
4/3/2021,1,-1.5200,-0.3823,-1.9753,16.1453,81.3967,3.2905
4/3/2021,2,-1.4058,-0.3823,-1.8494,16.0657,81.9800,3.1552
4/3/2021,3,-1.0078,-0.2706,-1.5460,16.0540,82.0650,3.5100
4/3/2021,4,-0.9754,-0.1071,-1.3218,16.5570,80.8033,3.1373
4/3/2021,5,-1.0132,-0.1699,-1.4515,17.0330,79.2638,3.8446
4/3/2021,6,-1.0330,-0.2873,-1.6250,16.9783,79.7910,3.4326
4/3/2021,7,13.2746,-0.1550,14.3012,16.4950,84.9233,2.7142
4/3/2021,8,76.8048,0.1100,83.8245,17.5823,82.8400,3.0778
4/3/2021,9,159.7595,0.4741,174.3767,19.1040,77.3787,3.6463
4/3/2021,10,441.6368,3.7900,339.9682,20.5123,72.1973,4.6196
4/3/2021,11,430.3825,2.0203,377.8046,21.8528,64.7285,5.3415
4/3/2021,12,267.3456,0.9871,283.5445,22.1993,62.2425,5.6897
4/3/2021,13,148.5964,0.3819,161.8367,22.0655,61.0642,4.9690
4/3/2021,14,160.6386,0.3829,175.4086,22.0167,63.5477,5.1158
4/3/2021,15,227.8892,0.5792,248.8336,22.6022,59.5335,5.5360
4/3/2021,16,242.5124,0.8713,266.0504,23.1692,57.2327,5.7281
4/3/2021,17,191.2375,1.3347,185.5737,23.2075,57.7487,5.5524
4/3/2021,18,145.8365,2.3815,104.0007,23.2297,58.7968,5.1773
4/3/2021,19,16.7714,0.7357,16.8222,22.2207,62.6157,5.0172
4/3/2021,20,-1.3960,-0.3571,-2.0163,21.1257,66.7717,5.7214
4/3/2021,21,-1.6891,-0.3820,-2.4142,19.9877,71.8033,4.8210
4/3/2021,22,-1.6894,-0.3821,-2.2262,19.1560,77.0132,3.2254
4/3/2021,23,-1.5812,-0.3821,-1.9145,18.6213,82.2133,3.1669
4/4/2021,0,-1.6898,-0.3822,-2.3514,18.0210,85.9017,3.2171
4/4/2021,1,-1.6712,-0.3822,-2.2226,17.7348,88.3617,3.1963
4/4/2021,2,-1.5731,-0.3823,-2.0957,17.8867,89.0117,3.4359
4/4/2021,3,-1.0364,-0.3780,-1.7729,17.9620,89.7800,4.9739
4/4/2021,4,-1.4897,-0.3822,-1.9411,18.2140,89.8783,3.1426
4/4/2021,5,-1.5400,-0.3822,-2.0510,17.9085,92.4233,2.6762
4/4/2021,6,-0.8773,-0.1455,-1.1882,17.5790,93.9317,2.5834
4/4/2021,7,7.5797,-0.1854,7.9557,18.3002,92.7333,3.0585
4/4/2021,8,86.0563,0.4185,93.6087,18.9390,90.4550,4.2490
4/4/2021,9,364.5706,4.1039,244.9464,20.5748,82.6008,4.6070
4/4/2021,10,415.2821,4.0379,306.8899,22.2398,72.8288,5.0538
4/4/2021,11,474.8469,2.6364,318.6607,23.2375,66.7440,4.9357
4/4/2021,12,441.0611,2.0541,299.8516,24.3500,59.4803,4.1352
4/4/2021,13,511.9099,2.8592,413.9970,25.1295,53.1195,4.3099
4/4/2021,14,417.5044,2.7063,379.1560,25.4792,51.6255,4.2042
4/4/2021,15,382.2078,1.4302,322.5551,25.1227,55.5885,5.7749
4/4/2021,16,283.4463,1.8899,293.5826,24.8847,56.2062,5.5914
4/4/2021,17,297.4294,3.9479,275.2429,24.6418,56.6750,5.7033
4/4/2021,18,136.7382,2.3564,125.5841,24.0082,57.7387,5.4585
4/4/2021,19,34.6879,1.0661,30.2799,23.1973,60.1957,5.2523
4/4/2021,20,-1.7029,-0.3819,-2.4252,21.7092,70.1737,4.8520
4/4/2021,21,-1.6889,-0.3820,-2.2874,20.5727,80.1092,5.0728
4/4/2021,22,-1.6299,-0.3821,-2.0007,20.0213,84.0850,4.3153
4/4/2021,23,-1.5589,-0.3821,-1.9125,19.6685,86.7550,3.7994
4/5/2021,0,-1.6462,-0.3821,-2.0415,19.3218,88.7750,3.5179
4/5/2021,1,-1.2476,-0.3813,-1.8471,19.2172,90.0667,4.3555
4/5/2021,2,-1.4271,-0.3819,-1.8765,19.1313,91.1767,2.6083
4/5/2021,3,-1.6888,-0.3821,-2.3222,18.5487,94.0917,1.6827
4/5/2021,4,-1.2893,-0.3807,-1.9323,18.1457,96.4083,2.2589
4/5/2021,5,-1.1451,-0.3765,-1.7308,17.8613,96.9933,1.0456
4/5/2021,6,-0.7837,-0.0750,-1.1219,17.8288,97.9967,1.5963
4/5/2021,7,10.2418,0.0074,10.9548,17.8243,98.0500,1.7379
4/5/2021,8,81.7343,0.3614,89.2584,18.5627,98.0450,2.2729
4/5/2021,9,244.0398,3.0037,208.6076,19.8307,94.2767,2.6702
4/5/2021,10,403.8346,4.2853,279.1606,21.7392,82.6023,2.8819
4/5/2021,11,704.2473,4.2344,275.3121,23.8197,67.0970,5.1647
4/5/2021,12,841.5650,4.2322,334.0597,25.3353,60.2537,5.2551
4/5/2021,13,701.5986,4.1254,401.5750,26.4240,57.6612,5.4300
4/5/2021,14,555.7313,3.4836,406.1986,26.7303,55.8398,6.5653
4/5/2021,15,495.9015,3.5389,387.7431,27.1598,55.3732,6.3961
4/5/2021,16,408.8183,3.4427,301.5950,27.3345,55.2228,6.6513
4/5/2021,17,353.0509,4.1759,199.7148,27.1767,56.4975,7.0457
4/5/2021,18,257.0002,4.7654,134.8277,26.6003,59.7595,7.2143
4/5/2021,19,35.0184,1.4875,31.2474,25.1052,66.7903,7.0845
4/5/2021,20,-1.4807,-0.3816,-2.0697,23.9540,72.7452,6.4388
4/5/2021,21,-1.2366,-0.3791,-1.7879,23.3467,79.2313,6.3346
4/5/2021,22,-1.0196,-0.3013,-1.6468,23.0287,81.5617,5.9486
4/5/2021,23,-1.2902,-0.3509,-1.8320,22.4073,85.7650,6.3413
4/6/2021,0,-1.0663,-0.3094,-1.6370,21.8893,88.3967,5.2643
4/6/2021,1,-1.1413,-0.3624,-1.7698,21.9233,88.8133,5.7570
4/6/2021,2,-1.0518,-0.3506,-1.6329,22.0513,89.1683,5.4886
4/6/2021,3,-1.0134,-0.3733,-1.7563,22.1633,88.7050,6.0905
4/6/2021,4,-1.3712,-0.3820,-1.8595,21.9467,89.7350,5.9556
4/6/2021,5,-1.6890,-0.3820,-2.4544,21.3957,92.9733,5.8081
4/6/2021,6,-1.4414,-0.3820,-2.0099,20.9457,95.8517,4.6163
4/6/2021,7,10.0193,-0.2012,10.6446,20.6983,96.2067,3.7139
4/6/2021,8,93.0840,0.3914,101.6070,21.2550,94.0633,4.7254
4/6/2021,9,245.9076,1.6947,244.6348,22.5787,87.5917,5.9028
4/6/2021,10,444.8632,4.0773,356.3632,24.5473,77.4030,7.5660
4/6/2021,11,612.4796,4.3207,424.9657,26.3377,67.6700,8.4769
4/6/2021,12,681.4898,4.2882,459.8852,27.1310,63.4713,9.3802
4/6/2021,13,690.9900,4.2131,424.8716,27.8527,59.4013,9.4323
4/6/2021,14,813.3931,4.2971,345.3906,28.4807,56.6500,9.2402
4/6/2021,15,726.3585,4.7881,275.1405,28.5520,56.3213,9.6265
4/6/2021,16,522.7972,4.5512,258.4986,28.2647,58.7263,8.9288
4/6/2021,17,446.2426,5.4375,208.4274,27.7713,61.7543,9.2418
4/6/2021,18,137.6762,2.1830,112.1397,26.5620,66.7770,8.9215
4/6/2021,19,19.5858,0.1359,21.1109,25.5007,70.9820,8.3251
4/6/2021,20,-1.4595,-0.3818,-1.9534,24.5477,75.9090,7.7464
4/6/2021,21,-1.6736,-0.3818,-2.4507,23.6177,82.6877,8.2071
4/6/2021,22,-1.0320,-0.3730,-1.6865,23.3857,85.8117,8.8257
4/6/2021,23,-1.0130,-0.3318,-1.6222,23.4710,86.7117,7.6697
4/7/2021,0,-1.3475,-0.3810,-1.8526,23.3710,86.9317,7.1551
4/7/2021,1,-1.6366,-0.3819,-2.1348,23.1503,87.9517,6.6970
4/7/2021,2,-1.6789,-0.3819,-2.2902,22.9180,88.7933,6.4186
4/7/2021,3,-1.6419,-0.3819,-2.1739,22.6830,89.9250,6.4011
4/7/2021,4,-1.6176,-0.3820,-2.3328,22.3080,90.5317,5.8092
4/7/2021,5,-1.6689,-0.3820,-2.3757,22.1983,91.2517,6.8732
4/7/2021,6,-1.6882,-0.3820,-2.3253,22.1227,91.4450,7.0783
4/7/2021,7,18.3210,-0.3394,19.7260,21.9757,92.1600,6.9967
4/7/2021,8,145.4775,1.2005,151.9838,22.7563,88.0783,7.3628
4/7/2021,9,186.2730,0.9361,198.0020,23.8320,83.5617,7.2655
4/7/2021,10,332.9621,2.1709,330.2283,24.9643,79.3780,6.9569
4/7/2021,11,531.6584,4.2366,404.3224,26.8828,71.5360,4.9657
4/7/2021,12,668.8895,4.1424,413.7466,28.4038,64.3437,4.0970
4/7/2021,13,897.6307,3.6542,247.0884,30.0362,57.9133,2.6317
4/7/2021,14,837.9027,3.8657,306.0042,31.3947,51.7635,2.0854
4/7/2021,15,767.9268,3.8742,219.2687,32.4902,47.8212,1.9057
4/7/2021,16,623.4809,4.7310,177.6539,33.7808,41.7747,2.3045
4/7/2021,17,387.4490,4.8781,143.4318,34.3348,36.1787,2.5969
4/7/2021,18,226.2294,4.4235,146.3106,34.1640,35.6862,2.7884
4/7/2021,19,29.2604,1.2510,24.4047,31.5847,52.0125,4.2416
4/7/2021,20,-1.6191,-0.3662,-2.2798,27.3358,72.5935,5.7805
4/7/2021,21,-1.6576,-0.3816,-1.9919,25.9592,78.3403,5.4563
4/7/2021,22,-1.6039,-0.3817,-1.8184,25.0967,83.4450,4.4827
4/7/2021,23,-1.2469,-0.3818,-1.7924,24.5533,86.7567,4.0113
4/8/2021,0,-1.0864,-0.3814,-1.7749,24.1733,88.7883,4.5715
4/8/2021,1,-1.1561,-0.3812,-1.8270,23.9333,90.0567,3.9580
4/8/2021,2,-1.4616,-0.3804,-2.0694,23.7667,90.3567,3.4839
4/8/2021,3,-1.6884,-0.3819,-2.4772,23.4993,91.5750,1.5716
4/8/2021,4,-1.6892,-0.3819,-2.4572,22.9443,93.6900,0.9164
4/8/2021,5,-1.4236,-0.3554,-2.1231,22.3775,95.6633,0.8777
4/8/2021,6,-0.7557,-0.1918,-1.1114,22.5058,96.7600,1.6333
4/8/2021,7,9.6216,-0.0900,10.1642,22.8692,94.5567,1.8897
4/8/2021,8,96.7824,0.5196,105.4505,23.3825,90.6817,1.5791
4/8/2021,9,317.5314,3.0046,259.1365,24.5042,83.8908,2.1794
4/8/2021,10,497.0153,4.8669,271.7511,25.6208,76.8417,2.8437
4/8/2021,11,770.7555,4.0749,187.9112,27.4317,67.3158,2.9671
4/8/2021,12,883.1563,3.6700,179.7765,29.4242,60.0658,2.6070
4/8/2021,13,934.9621,3.3228,165.5261,31.1542,48.8483,3.2437
4/8/2021,14,892.3386,3.4477,164.4931,32.5333,41.7733,3.3101
4/8/2021,15,790.3530,3.9144,155.5534,33.6250,35.2342,3.8112
4/8/2021,16,642.3439,4.4526,145.5453,34.4267,29.1017,4.2450
4/8/2021,17,442.5577,4.6167,135.4306,34.5708,30.6008,4.4576
4/8/2021,18,228.7198,4.4618,103.3608,33.5917,40.0450,6.2808
4/8/2021,19,45.1101,1.5044,30.6058,31.0725,49.7092,7.2186
4/8/2021,20,-2.2332,-0.3814,-2.6025,27.9633,62.1725,7.0724
4/8/2021,21,-2.2872,-0.3816,-2.5377,25.6175,72.5067,6.5422
4/8/2021,22,-1.8241,-0.3818,-2.4789,24.2033,80.3592,5.5178
4/8/2021,23,-1.6628,-0.3818,-2.4091,23.4767,85.6800,5.0900
4/9/2021,0,-1.3400,-0.3819,-2.0820,23.4875,89.3650,6.6734
4/9/2021,1,-1.6500,-0.3819,-2.3639,23.7800,88.5900,6.3731
4/9/2021,2,-1.3898,-0.3819,-2.0746,23.7733,88.4567,5.8691
4/9/2021,3,-1.3785,-0.3819,-1.9272,23.9325,88.2400,6.1237
4/9/2021,4,-1.4768,-0.3819,-2.1131,24.0507,88.5867,6.1398
4/9/2021,5,-1.4532,-0.3819,-2.1382,23.7690,90.6967,6.1822
4/9/2021,6,-1.1022,-0.3819,-1.6625,23.7207,92.3433,7.5661
4/9/2021,7,10.5079,-0.2385,11.1033,23.9417,91.3033,5.2716
4/9/2021,8,94.7613,0.4035,102.5391,24.4100,88.4533,6.9313
4/9/2021,9,229.7340,1.9271,216.1572,25.1505,84.0450,7.1234
4/9/2021,10,543.2406,5.0091,318.7276,26.5052,76.8982,8.1032
4/9/2021,11,763.4138,4.2286,227.3070,28.1692,70.2408,8.0431
4/9/2021,12,864.1245,3.8203,214.4816,29.8342,63.4282,6.4840
4/9/2021,13,911.4498,3.4041,197.0752,31.5955,56.3080,6.2179
4/9/2021,14,878.3711,3.1458,176.3772,33.5688,49.2685,4.8299
4/9/2021,15,774.8899,3.4036,164.3620,35.5313,39.6187,2.6704
4/9/2021,16,621.0782,4.4993,164.9851,36.7717,33.2510,1.9803
4/9/2021,17,420.9179,4.8657,154.0800,36.8867,34.4353,2.9248
4/9/2021,18,207.9049,3.9979,111.8893,34.7000,46.7470,6.0150
4/9/2021,19,37.8905,1.0427,30.6077,31.8787,56.1080,6.5824
4/9/2021,20,-1.9797,-0.3814,-2.3952,29.2363,66.1407,6.0272
4/9/2021,21,-1.8005,-0.3815,-2.4773,27.3803,74.0297,5.4162
4/9/2021,22,-1.7266,-0.3817,-2.4781,25.9150,81.8763,4.8975
4/9/2021,23,-1.6879,-0.3818,-2.4788,25.1090,86.8083,3.3451
4/10/2021,0,-1.6881,-0.3818,-2.4791,24.4703,90.6317,2.3148
4/10/2021,1,-1.4474,-0.3808,-2.1823,23.8553,94.6333,2.4543
4/10/2021,2,-1.0256,-0.3802,-1.7516,23.9437,95.5967,3.5222
4/10/2021,3,-1.3798,-0.3819,-1.9704,23.8253,95.2933,2.9645
4/10/2021,4,-1.4318,-0.3819,-2.0388,23.5903,96.2717,2.4147
4/10/2021,5,-1.1166,-0.3562,-1.6887,23.2813,97.3200,1.3629
4/10/2021,6,-1.0564,-0.3252,-1.5029,23.0380,97.8233,2.2190
4/10/2021,7,14.2414,-0.1691,15.2612,22.8690,97.8383,0.7413
4/10/2021,8,71.3084,0.3812,77.8739,22.9243,97.4067,1.3837
4/10/2021,9,246.3409,2.3504,245.9363,23.8350,92.3000,1.7975
4/10/2021,10,587.2545,4.6763,236.8701,26.1370,79.8048,2.7039
4/10/2021,11,742.4582,4.1840,242.0612,27.7962,71.0907,2.8359
4/10/2021,12,796.2348,4.7545,320.0610,28.6743,66.2453,2.4377
4/10/2021,13,856.7293,4.3438,337.1918,29.8502,60.6470,2.5655
4/10/2021,14,769.3350,4.5027,394.2704,31.6738,53.2718,2.8528
4/10/2021,15,733.3043,4.6442,317.5430,32.6527,48.4097,2.7585
4/10/2021,16,605.6807,4.9889,212.0012,32.5553,44.0528,3.7045
4/10/2021,17,422.8662,5.0729,173.7087,30.1105,52.7688,5.9459
4/10/2021,18,224.2590,4.5255,118.7994,28.3378,57.3212,5.1887
4/10/2021,19,44.1524,1.3575,34.9157,26.6103,62.0723,5.1710
4/10/2021,20,-1.7527,-0.3817,-2.3323,24.9237,67.8577,3.9382
4/10/2021,21,-1.6995,-0.3818,-2.4791,23.4380,69.7622,3.2991
4/10/2021,22,-1.6884,-0.3819,-2.4796,22.3260,76.5937,2.6143
4/10/2021,23,-1.6887,-0.3819,-2.4792,21.6258,83.7983,2.1368
4/11/2021,0,-1.6890,-0.3820,-2.4325,21.0742,88.0250,1.8310
4/11/2021,1,-1.6891,-0.3820,-2.3505,20.8455,90.1900,1.3316
4/11/2021,2,-1.6859,-0.3821,-2.3189,20.6343,91.7667,0.8911
4/11/2021,3,-1.5995,-0.3821,-2.2077,20.4975,92.9967,0.3886
4/11/2021,4,-1.4841,-0.3819,-2.1016,19.4652,93.4800,1.8160
4/11/2021,5,-0.8587,-0.1187,-1.3674,19.0888,94.3783,1.4131
4/11/2021,6,-0.8205,-0.0611,-1.1689,19.1240,99.6417,1.0883
4/11/2021,7,11.9033,0.0486,12.7239,19.3802,100.0000,1.4971
4/11/2021,8,93.2621,0.3827,101.9378,20.2175,99.3367,1.1303
4/11/2021,9,319.8783,2.7247,282.0527,21.9373,92.4400,1.3100
4/11/2021,10,333.4982,2.5104,337.4223,23.0748,84.8500,1.7785
4/11/2021,11,508.2772,3.2103,419.5247,23.9268,80.2317,1.7475
4/11/2021,12,532.6984,3.0867,471.9953,25.3902,72.5897,2.1675
4/11/2021,13,611.3992,4.7751,512.0554,26.6590,66.1927,1.9175
4/11/2021,14,817.0213,4.6361,304.5351,27.8728,60.2288,2.4849
4/11/2021,15,760.1951,4.0114,215.4653,29.1370,54.5565,2.3109
4/11/2021,16,605.6142,4.4449,186.8649,30.1300,50.2890,2.4289
4/11/2021,17,430.2689,4.5806,156.8595,30.5515,48.3137,3.2071
4/11/2021,18,187.8100,3.6191,107.3739,30.4973,49.7218,3.4008
4/11/2021,19,35.8300,0.6292,34.6556,28.3978,63.3695,4.6261
4/11/2021,20,-1.6748,-0.3797,-2.4170,26.0050,74.1777,4.8285
4/11/2021,21,-1.6877,-0.3817,-2.3310,24.3977,81.0698,4.3300
4/11/2021,22,-1.6881,-0.3818,-2.3420,23.5297,84.4883,4.5475
4/11/2021,23,-1.6272,-0.3819,-2.3679,23.0798,87.4967,3.2507
4/12/2021,0,-1.6886,-0.3819,-2.4798,22.7308,90.2317,3.5172
4/12/2021,1,-1.3091,-0.3783,-1.9930,22.3645,91.9217,2.9282
4/12/2021,2,-1.0033,-0.2801,-1.4370,22.9192,91.1283,3.4431
4/12/2021,3,-1.0132,-0.2529,-1.5241,23.1862,90.7983,3.6581
4/12/2021,4,-1.0131,-0.3187,-1.6852,23.2000,90.7733,3.4878
4/12/2021,5,-1.0934,-0.3804,-1.7745,23.0415,91.6117,2.5682
4/12/2021,6,-1.3663,-0.3802,-1.9060,22.6097,94.2950,2.1356
4/12/2021,7,33.9069,0.1426,35.6124,22.0877,96.6067,1.6734
4/12/2021,8,171.1947,3.4871,150.3826,22.7313,95.2383,2.2025
4/12/2021,9,221.2192,1.5794,215.3255,24.1110,89.5083,3.5190
4/12/2021,10,382.4353,2.6028,303.8490,25.6600,79.5188,4.4749
4/12/2021,11,405.4756,2.3185,364.5839,26.8083,72.1435,4.6567
4/12/2021,12,520.6361,3.0589,458.4130,28.1000,65.0357,4.0251
4/12/2021,13,622.0515,3.9222,451.9887,29.4057,59.6400,4.2465
4/12/2021,14,810.1164,4.7427,330.0263,29.9992,56.7123,4.8016
4/12/2021,15,600.8682,4.5855,340.7503,30.4715,54.6897,4.5303
4/12/2021,16,611.0718,5.0636,272.6482,30.6077,54.5808,4.1889
4/12/2021,17,421.7540,4.8068,195.6548,30.4640,55.5543,3.7768
4/12/2021,18,220.1699,4.2502,131.5088,30.0555,57.3492,3.6318
4/12/2021,19,41.3482,1.1966,34.9553,28.5522,64.4992,4.0952
4/12/2021,20,-1.5896,-0.3816,-2.3025,26.5645,74.1230,4.4805
4/12/2021,21,-1.6876,-0.3817,-2.4784,25.2067,81.9332,4.3508
4/12/2021,22,-1.6881,-0.3818,-2.4788,24.4255,87.5600,3.4672
4/12/2021,23,-1.6498,-0.3818,-2.3833,23.9727,90.7033,2.6640
4/13/2021,0,-1.1676,-0.3549,-1.7418,23.7140,93.5317,2.4343
4/13/2021,1,-1.0130,-0.3087,-1.6654,23.7430,94.0817,2.3038
4/13/2021,2,-1.0162,-0.3490,-1.7280,23.7953,93.9233,2.5370
4/13/2021,3,-1.1314,-0.3766,-1.7933,23.5910,94.3317,2.3436
4/13/2021,4,-1.0115,-0.3032,-1.6310,23.4213,95.2800,1.3956
4/13/2021,5,-1.0065,-0.2139,-1.5667,23.4553,94.9567,1.5318
4/13/2021,6,-0.8945,-0.1470,-1.1304,23.4563,95.2400,1.5098
4/13/2021,7,11.9721,-0.0880,12.8149,23.5780,94.7617,1.1169
4/13/2021,8,38.5531,0.3469,41.8581,23.7320,94.8800,1.4598
4/13/2021,9,124.6601,0.3905,136.1958,24.1830,93.4400,1.8069
4/13/2021,10,183.4827,0.3977,199.8668,25.0835,89.2767,1.8753
4/13/2021,11,181.4544,0.3933,197.8529,25.7307,85.8700,1.8869
4/13/2021,12,182.5126,0.4853,198.9497,25.8182,84.8800,2.6325
4/13/2021,13,578.4305,3.6845,541.8904,26.4868,80.6817,3.0285
4/13/2021,14,729.4847,4.8956,495.9739,28.4340,70.1975,2.6304
4/13/2021,15,566.7693,4.5639,496.9660,29.3193,66.9887,2.6212
4/13/2021,16,124.1926,0.7624,136.9420,29.0710,68.2083,3.2932
4/13/2021,17,107.6712,0.5912,117.5318,29.1333,67.9247,2.6337
4/13/2021,18,92.8406,0.4758,100.1219,28.6453,70.7393,3.3998
4/13/2021,19,34.5401,0.2749,34.8981,28.2473,72.3773,2.9837
4/13/2021,20,-1.5162,-0.3816,-2.2068,27.3743,75.1110,2.3850
4/13/2021,21,-1.6875,-0.3817,-2.4226,26.5663,76.9167,2.6495
4/13/2021,22,-1.6877,-0.3817,-2.2229,25.5898,79.9210,1.7510
4/13/2021,23,-1.6881,-0.3818,-2.1723,24.6133,84.7200,2.1208
